3.833,30,114,65
B0,mixamorig9_Hips,-1,0.8783805966377258,0.19480176270008087,-0.4364350140094757,0,-0.3463633060455322,0.8886985778808594,-0.3003903031349182,0,0.32934269309043884,0.41502201557159424,0.8480887413024902,0,-6.331851005554199,86.50237274169922,5.920779228210449,1
B1,mixamorig9_Spine,0,0.9946674704551697,0.1012132465839386,0.019411062821745872,0,-0.10284759104251862,0.9871785044670105,0.12179144471883774,0,-0.0068582808598876,-0.1231343224644661,0.9923333525657654,0,0,10.54699993133545,-1.004699945449829,1
B2,mixamorig9_Spine1,1,0.9992548227310181,0.03789320960640907,0.007124290335923433,0,-0.03825300559401512,0.9974086284637451,0.060837939381599426,0,-0.004804168827831745,-0.06106757000088692,0.9981170296669006,0,0,12.360600471496582,0,1
B3,mixamorig9_Spine2,2,0.9992568492889404,0.037941496819257736,0.006560082081705332,0,-0.03826792910695076,0.9974058270454407,0.06087687611579895,0,-0.004237062763422728,-0.06108422204852104,0.9981186985969543,0,0,14.126299858093262,0,1
B4,mixamorig9_Neck,3,0.9997485280036926,-0.012043680995702744,0.018830738961696625,0,0.0059681544080376625,0.9556758999824524,0.29435694217681885,0,-0.021541135385632515,-0.29417240619659424,0.9555094242095947,0,0,15.89210033416748,0,1
B5,mixamorig9_Head,4,0.9997485280036926,-0.010202744044363499,0.019888171926140785,0,0.005967317149043083,0.9792822003364563,0.20240552723407745,0,-0.021541135385632515,-0.20223726332187653,0.9790999293327332,0,0,6.594299793243408,1.9848999977111816,1
B6,mixamorig9_HeadTop_End,5,1,0,0,0,0,1,0,0,0,0,1,0,0,22.577499389648438,6.796000003814697,1
B7,mixamorig9_LeftShoulder,3,0.20916041731834412,0.02859249897301197,-0.9774523377418518,0,0.9516300559043884,-0.23595447838306427,0.19673366844654083,0,-0.22500881552696228,-0.9713428020477295,-0.07655837386846542,0,6.9145002365112305,14.070500373840332,-0.1800999939441681,1
B8,mixamorig9_LeftArm,7,0.6837136745452881,0.6222018599510193,0.3791707754135132,0,-0.7262752056121826,0.6237800717353821,0.28601565957069397,0,-0.05856576934456825,-0.4717977046966553,0.8797528147697449,0,0,14.45460033416748,0,1
B9,mixamorig9_LeftForeArm,8,0.4358726143836975,0.8967523574829102,0.05534010007977486,0,-0.8971895575523376,0.43117767572402954,0.07952292263507843,0,0.047698114067316055,-0.08431264758110046,0.995284914970398,0,0,27.3981990814209,0,1
B10,mixamorig9_LeftHand,9,0.8098126649856567,-0.3825794756412506,-0.44453245401382446,0,0.4452744424343109,0.8943210244178772,0.04149223491549492,0,0.3817799389362335,-0.23151427507400513,0.8947713971138,0,0,21.339599609375,0,1
B11,mixamorig9_LeftHandThumb1,10,0.7766259908676147,0.1906909942626953,-0.6004070043563843,0,0.0962119996547699,0.906000018119812,0.412198007106781,0,0.6225709915161133,-0.3778899908065796,0.685276985168457,0,-2.967600107192993,3.164400100708008,1.402500033378601,1
B12,mixamorig9_LeftHandThumb2,11,0.5914139747619629,-0.805433988571167,0.038791999220848083,0,0.7234960198402405,0.5512620210647583,0.41552799940109253,0,-0.3560650050640106,-0.21768300235271454,0.908752977848053,0,-0.652999997138977,3.5885000228881836,0,1
B13,mixamorig9_LeftHandThumb3,12,0.9622960090637207,-0.21390099823474884,0.16802392899990082,0,0.19421499967575073,0.972815990447998,0.12613700330257416,0,-0.1904369294643402,-0.08874800056219101,0.9776800274848938,0,-0.02879999950528145,3.2458999156951904,0,1
B14,mixamorig9_LeftHandThumb4,13,1,0,0,0,0,1,0,0,0,0,1,0,0.6818000078201294,2.455699920654297,0,1
B15,mixamorig9_LeftHandIndex1,10,0.9881380200386047,-0.03387200087308884,-0.14978407323360443,0,0.1454620063304901,-0.10622499883174896,0.9836450219154358,0,-0.04922891780734062,-0.9937649965286255,-0.10003799945116043,0,-3.495300054550171,9.572199821472168,0.11500000208616257,1
B16,mixamorig9_LeftHandIndex2,15,0.9764059782028198,-0.1418849229812622,-0.16278892755508423,0,0.14006400108337402,-0.15765392780303955,0.9775109887123108,0,-0.1643580049276352,-0.9772480130195618,-0.13406099379062653,0,0.017799999564886093,3.4028000831604004,0,1
B17,mixamorig9_LeftHandIndex3,16,0.9933369755744934,-0.10376700013875961,-0.050136998295784,0,0.1058569997549057,0.6495659947395325,0.7529000043869019,0,-0.045558083802461624,-0.7531909942626953,0.6562229990959167,0,-0.011099999770522118,3.1398000717163086,0,1
B18,mixamorig9_LeftHandIndex4,17,1,0,0,0,0,1,0,0,0,0,1,0,-0.0066999997943639755,2.7435998916625977,0,1
B19,mixamorig9_LeftHandMiddle1,10,0.9881889820098877,-0.0336420014500618,-0.1495039165019989,0,0.14521899819374084,-0.10594099760055542,0.9837110042572021,0,-0.0489329993724823,-0.9938030242919922,-0.09980408102273941,0,-1.0944000482559204,10.003399848937988,-0.1745000034570694,1
B20,mixamorig9_LeftHandMiddle2,19,0.9763220548629761,-0.1417039930820465,-0.16344591975212097,0,0.14067292213439941,-0.1580909937620163,0.9773529767990112,0,-0.1643339991569519,-0.9772040247917175,-0.13441400229930878,0,0.01889999955892563,3.466900110244751,0,1
B21,mixamorig9_LeftHandMiddle3,20,0.9935709834098816,-0.1018860787153244,-0.04935399815440178,0,0.10403399914503098,0.6497700214385986,0.7529780268669128,0,-0.04464900121092796,-0.7532710433006287,0.6561920046806335,0,-0.014800000004470348,3.318700075149536,0,1
B22,mixamorig9_LeftHandMiddle4,21,1,0,0,0,0,1,0,0,0,0,1,0,-0.004100000020116568,2.9272000789642334,0,1
B23,mixamorig9_LeftHandRing1,10,0.9864919781684875,-0.044415999203920364,-0.1576720029115677,0,0.15225400030612946,-0.10647399723529816,0.9825890064239502,0,-0.060430001467466354,-0.993323028087616,-0.09827300161123276,0,1.1504000425338745,10.18529987335205,-0.23170000314712524,1
B24,mixamorig9_LeftHandRing2,23,0.9734100103378296,-0.1464190036058426,-0.1761649250984192,0,0.15299092233181,-0.156823992729187,0.9757050275802612,0,-0.17048899829387665,-0.9767130017280579,-0.13025392591953278,0,-0.004800000227987766,2.9142000675201416,0,1
B25,mixamorig9_LeftHandRing3,24,0.9933069944381714,-0.10575408488512039,-0.046445999294519424,0,0.10444799810647964,0.6507239937782288,0.7520970106124878,0,-0.04931408166885376,-0.7519140243530273,0.6574140191078186,0,-0.011900000274181366,2.7513999938964844,0,1
B26,mixamorig9_LeftHandRing4,25,1,0,0,0,0,1,0,0,0,0,1,0,0.016699999570846558,2.2952001094818115,0,1
B27,mixamorig9_LeftHandPinky1,10,0.9740390181541443,-0.03409191966056824,-0.22380000352859497,0,0.21957992017269135,-0.09824108332395554,0.9706360101699829,0,-0.055077001452445984,-0.9945780038833618,-0.0882050022482872,0,3.4393999576568604,9.136799812316895,-0.0006000000284984708,1
B28,mixamorig9_LeftHandPinky2,27,0.9816460013389587,-0.07460500299930573,-0.1755160689353943,0,0.1622500717639923,-0.15699100494384766,0.9741809964179993,0,-0.10023300349712372,-0.9847779870033264,-0.14200499653816223,0,0.002099999925121665,2.5701000690460205,0,1
B29,mixamorig9_LeftHandPinky3,28,0.9937700033187866,-0.10154999792575836,-0.045931000262498856,0,0.10128399729728699,0.6508439779281616,0.7524250149726868,0,-0.046514999121427536,-0.7523890137672424,0.6570749282836914,0,-0.014499999582767487,2.322200059890747,0,1
B30,mixamorig9_LeftHandPinky4,29,1,0,0,0,0,1,0,0,0,0,1,0,0.012400000356137753,1.8158999681472778,0,1
B31,mixamorig9_RightShoulder,3,0.10199439525604248,-0.01238689199090004,0.9946869611740112,0,-0.978912889957428,-0.17904715240001678,0.09814812988042831,0,0.17687609791755676,-0.9837621450424194,-0.030383996665477753,0,-6.9145002365112305,14.069199562072754,-0.1670999974012375,1
B32,mixamorig9_RightArm,31,0.1352197527885437,-0.9322339296340942,-0.3355586528778076,0,0.9744295477867126,0.06411238759756088,0.21452920138835907,0,-0.1784672886133194,-0.35612764954566956,0.9170747399330139,0,0,14.45460033416748,0,1
B33,mixamorig9_RightForeArm,32,0.8640254139900208,-0.5016623139381409,-0.01692166179418564,0,0.501885712146759,0.8629115223884583,0.04442824423313141,0,-0.007820026949048042,-0.04687970504164696,0.9988631010055542,0,0,27.395599365234375,0,1
B34,mixamorig9_RightHand,33,0.721920371055603,0.1766856163740158,0.6689771413803101,0,-0.16459989547729492,0.9829151034355164,-0.08204641938209534,0,-0.6720321774482727,-0.050911664962768555,0.7387011647224426,0,0,21.32699966430664,0,1
B35,mixamorig9_RightHandThumb1,34,0.5913800597190857,-0.44519099593162537,0.6723650097846985,0,-0.017822999507188797,0.8263729810714722,0.56284099817276,0,-0.8061959743499756,-0.3448370099067688,0.4807659983634949,0,2.966900110244751,3.065500020980835,1.3387000560760498,1
B36,mixamorig9_RightHandThumb2,35,0.6926569938659668,0.39744099974632263,0.6018869280815125,0,-0.6586819887161255,0.6885660290718079,0.30333998799324036,0,-0.2938790023326874,-0.6065620183944702,0.7387269735336304,0,0.6240000128746033,3.5220999717712402,0,1
B37,mixamorig9_RightHandThumb3,36,0.9447720050811768,0.2510969936847687,0.21060900390148163,0,-0.30137598514556885,0.9181299805641174,0.25731199979782104,0,-0.12875600159168243,-0.3065739870071411,0.9430980086326599,0,-0.17730000615119934,3.3596999645233154,0,1
B38,mixamorig9_RightHandThumb4,37,1,0,0,0,0,1,0,0,0,0,1,0,-0.44670000672340393,2.7945001125335693,0,1
B39,mixamorig9_RightHandIndex1,34,0.9863700270652771,0.0442500002682209,0.15848000347614288,0,-0.14805099368095398,-0.18159399926662445,0.9721649885177612,0,0.07179699838161469,-0.9823779463768005,-0.17256706953048706,0,3.605600118637085,9.873800277709961,0.13199999928474426,1
B40,mixamorig9_RightHandIndex2,39,0.975517988204956,0.13910000026226044,0.17033900320529938,0,-0.1361899971961975,-0.22605599462985992,0.9645469784736633,0,0.1726749986410141,-0.9641320109367371,-0.20157800614833832,0,-0.017500000074505806,3.2762999534606934,0,1
B41,mixamorig9_RightHandIndex3,40,0.9927340149879456,0.10741700232028961,0.054232001304626465,0,-0.10968499630689621,0.6224519610404968,0.7749339938163757,0,0.049483999609947205,-0.7752519845962524,0.6297109723091125,0,0.00860000029206276,3.084199905395508,0,1
B42,mixamorig9_RightHandIndex4,41,1,0,0,0,0,1,0,0,0,0,1,0,0.008899999782443047,2.6149001121520996,0,1
B43,mixamorig9_RightHandMiddle1,34,0.9859340190887451,0.0456870011985302,0.16077099740505219,0,-0.15005500614643097,-0.18167707324028015,0.9718419909477234,0,0.07360900193452835,-0.9822959899902344,-0.17226608097553253,0,1.0053999423980713,10.212300300598145,-0.30720001459121704,1
B44,mixamorig9_RightHandMiddle2,43,0.9749850034713745,0.13884200155735016,0.17357100546360016,0,-0.13945992290973663,-0.22593900561332703,0.9641069769859314,0,0.17307500541210175,-0.9641960263252258,-0.20092399418354034,0,-0.011699999682605267,3.5343000888824463,0,1
B45,mixamorig9_RightHandMiddle3,44,0.9930419921875,0.1055360808968544,0.052250999957323074,0,-0.10697899758815765,0.6229580044746399,0.7749050855636597,0,0.04923100024461746,-0.775102972984314,0.6299139857292175,0,0.012400000356137753,3.217900037765503,0,1
B46,mixamorig9_RightHandMiddle4,45,1,0,0,0,0,1,0,0,0,0,1,0,-0.000699999975040555,2.8596999645233154,0,1
B47,mixamorig9_RightHandRing1,34,0.9844539761543274,0.05525900050997734,0.16672199964523315,0,-0.15425899624824524,-0.18188007175922394,0.9711459279060364,0,0.0839880034327507,-0.9817669987678528,-0.17052899301052094,0,-1.1857000589370728,10.210800170898438,-0.20229999721050262,1
B48,mixamorig9_RightHandRing2,47,0.97188800573349,0.14503900706768036,0.185466930270195,0,-0.1500830054283142,-0.22529900074005127,0.9626600742340088,0,0.18140900135040283,-0.963433027267456,-0.19719800353050232,0,0.00279999990016222,2.928999900817871,0,1
B49,mixamorig9_RightHandRing3,48,0.9923999905586243,0.11146707832813263,0.05212099850177765,0,-0.11067900061607361,0.6234859228134155,0.7739610075950623,0,0.05377500131726265,-0.7738479971885681,0.6310840249061584,0,0.009200000204145908,2.740799903869629,0,1
B50,mixamorig9_RightHandRing4,49,1,0,0,0,0,1,0,0,0,0,1,0,-0.012000000104308128,2.344099998474121,0,1
B51,mixamorig9_RightHandPinky1,34,0.985692024230957,0.05031000077724457,0.16087207198143005,0,-0.1493609994649887,-0.18162700533866882,0.9719579815864563,0,0.07811799645423889,-0.9820799827575684,-0.17151400446891785,0,-3.425299882888794,8.861900329589844,0.009100000374019146,1
B52,mixamorig9_RightHandPinky2,51,0.9731090068817139,0.14374500513076782,0.17998899519443512,0,-0.14474999904632568,-0.22622600197792053,0.9632599949836731,0,0.1791819930076599,-0.9634100198745728,-0.1993349939584732,0,-0.01119999960064888,2.7890000343322754,0,1
B53,mixamorig9_RightHandPinky3,52,0.9926810264587402,0.10799100250005722,0.05405300110578537,0,-0.1099499985575676,0.6230850219726562,0.774387001991272,0,0.04994700103998184,-0.774662971496582,0.6303989887237549,0,0.011599999852478504,2.355600118637085,0,1
B54,mixamorig9_RightHandPinky4,53,1,0,0,0,0,1,0,0,0,0,1,0,-0.00039999998989515007,2.0947999954223633,0,1
B55,mixamorig9_LeftUpLeg,0,-0.9512936472892761,-0.21281486749649048,0.22303979098796844,0,0.2203444242477417,-0.9753640294075012,0.009114743210375309,0,0.21561351418495178,0.057816170156002045,0.9747498631477356,0,8.926899909973145,-5.876500129699707,0.08160000294446945,1
B56,mixamorig9_LeftLeg,55,0.9914050102233887,-0.0957336574792862,-0.08910802006721497,0,0.027368150651454926,0.8180856704711914,-0.5744197368621826,0,0.12790444493293762,0.5670486688613892,0.8136819005012512,0,0,41.070499420166016,0,1
B57,mixamorig9_LeftFoot,56,0.9794853925704956,-0.1705981194972992,0.10712433606386185,0,-0.00023225549375638366,0.5308091044425964,0.8474252223968506,0,-0.2014855146408081,-0.830080509185791,0.5198913216590881,0,0,37.68939971923828,0,1
B58,mixamorig9_LeftToeBase,57,0.9955728650093079,-0.01519885752350092,0.09268831461668015,0,-0.049913085997104645,0.7506500482559204,0.6586208343505859,0,-0.07958164066076279,-0.6603323817253113,0.7465679049491882,0,0,19.417299270629883,0,1
B59,mixamorig9_LeftToe_End,58,1,0,0,0,0,1,0,0,0,0,1,0,0,7.932300090789795,0,1
B60,mixamorig9_RightUpLeg,0,-0.889540433883667,0.3899334967136383,-0.2380438596010208,0,-0.3630196750164032,-0.9196450710296631,-0.14986100792884827,0,-0.27735358476638794,-0.046889450401067734,0.9596155881881714,0,-8.926899909973145,-5.876500129699707,0.11959999799728394,1
B61,mixamorig9_RightLeg,60,0.9964095950126648,-0.05214744806289673,0.06662485748529434,0,0.08435853570699692,0.5519804954528809,-0.8295552730560303,0,0.006466529797762632,0.8322048783302307,0.5544028282165527,0,0,41.08089828491211,0,1
B62,mixamorig9_RightFoot,61,0.9713002443313599,0.19759884476661682,-0.1323954313993454,0,0.15527907013893127,-0.10517781227827072,0.9822481274604797,0,0.18016570806503296,-0.9746164679527283,-0.13284198939800262,0,0,37.71839904785156,0,1
B63,mixamorig9_RightToeBase,62,0.9968400001525879,0,-0.0794370025396347,0,0.043768998235464096,0.8345080018043518,0.5492540001869202,0,0.06629099696874619,-0.550995945930481,0.831870973110199,0,0,19.759899139404297,0,1
B64,mixamorig9_RightToe_End,63,1,0,0,0,0,1,0,0,0,0,1,0,0,7.936999797821045,0,1
@52,0,1,2,3,4,5,7,8,9,10,11,12,13,15,16,17,19,20,21,23,24,25,27,28,29,31,32,33,34,35,36,37,39,40,41,43,44,45,47,48,49,51,52,53,55,56,57,58,60,61,62,63
K0.000,0.996757984161377,-0.03709400072693825,0.07139500230550766,0,0.044686999171972275,0.9931600093841553,-0.10787300020456314,0,-0.06690499931573868,0.11071400344371796,0.9915980100631714,0,-0.8213310241699219,85.20429992675781,0.3887479901313782,1,0.9948909878730774,0.06719700247049332,-0.07533799856901169,0,-0.04543500021100044,0.9644709825515747,0.26025301218032837,0,0.09014900028705597,-0.25550100207328796,0.9625970125198364,0,0,10.54699993133545,-1.004699945449829,1,0.9995909929275513,0.007234000135213137,-0.027684999629855156,0,-0.003773000091314316,0.9923890233039856,0.1230819970369339,0,0.0283649992197752,-0.12292800098657608,0.9920099973678589,0,0,12.360600471496582,0,1,0.9995999932289124,0.007253999821841717,-0.027344999834895134,0,-0.0038330000825226307,0.9923809766769409,0.12314800173044205,0,0.028030000627040863,-0.12299399822950363,0.9920110106468201,0,0,14.126299858093262,0,1,0.9973940253257751,0.05407100170850754,0.04777299985289574,0,-0.060398001223802567,0.9879019856452942,0.14283700287342072,0,-0.03947199881076813,-0.14534999430179596,0.9885929822921753,0,0,15.89210033416748,0,1,0.9973940253257751,0.058357998728752136,0.04242999851703644,0,-0.060398999601602554,0.9969949722290039,0.04851200059056282,0,-0.03947199881076813,-0.05094800144433975,0.9979209899902344,0,0,6.594299793243408,1.9848999977111816,1,-0.03874199837446213,0.008287999778985977,-0.9992150068283081,0,0.9398450255393982,-0.3393400013446808,-0.039253998547792435,0,-0.33939799666404724,-0.9406269788742065,0.005357999820262194,0,6.9145002365112305,14.070500373840332,-0.1800999939441681,1,0.9826869964599609,0.15196700394153595,-0.10598000138998032,0,-0.06397499889135361,0.815168023109436,0.5756800174713135,0,0.17387600243091583,-0.5589339733123779,0.810778021812439,0,0,14.45460033416748,0,1,-0.6697250008583069,0.726606011390686,0.15333500504493713,0,-0.7269600033760071,-0.683650016784668,0.06443499773740768,0,0.15164600312709808,-0.06831499934196472,0.986070990562439,0,0,27.3981990814209,0,1,0.6989840269088745,-0.43746399879455566,-0.5657259821891785,0,0.5088369846343994,0.8600929975509644,-0.03639800101518631,0,0.5024999976158142,-0.26242101192474365,0.8237890005111694,0,0,21.339599609375,0,1,0.7766270041465759,0.1906909942626953,-0.6004070043563843,0,0.0962119996547699,0.906000018119812,0.412198007106781,0,0.6225709915161133,-0.3778899908065796,0.685276985168457,0,-2.967600107192993,3.164400100708008,1.402500033378601,1,0.5914139747619629,-0.805433988571167,0.038791999220848083,0,0.7234960198402405,0.5512620210647583,0.41552799940109253,0,-0.3560650050640106,-0.21768300235271454,0.908752977848053,0,-0.652999997138977,3.5885000228881836,0,1,0.9622960090637207,-0.21390099823474884,0.1680240035057068,0,0.19421499967575073,0.972815990447998,0.12613700330257416,0,-0.19043700397014618,-0.08874800056219101,0.9776800274848938,0,-0.02879999950528145,3.2458999156951904,0,1,0.9881380200386047,-0.03387200087308884,-0.14978499710559845,0,0.1454620063304901,-0.10622499883174896,0.9836450219154358,0,-0.04922899976372719,-0.9937649965286255,-0.10003799945116043,0,-3.495300054550171,9.572199821472168,0.11500000208616257,1,0.9764059782028198,-0.1418839991092682,-0.1627890020608902,0,0.14006400108337402,-0.15765400230884552,0.9775109887123108,0,-0.1643580049276352,-0.9772480130195618,-0.13406099379062653,0,0.017799999564886093,3.4028000831604004,0,1,0.9933369755744934,-0.10376600176095963,-0.050136998295784,0,0.1058569997549057,0.6495659947395325,0.7529000043869019,0,-0.04555800184607506,-0.7531909942626953,0.6562229990959167,0,-0.011099999770522118,3.1398000717163086,0,1,0.9881889820098877,-0.0336420014500618,-0.14950400590896606,0,0.14521899819374084,-0.10594099760055542,0.9837110042572021,0,-0.0489329993724823,-0.9938030242919922,-0.09980499744415283,0,-1.0944000482559204,10.003399848937988,-0.1745000034570694,1,0.9763219952583313,-0.14170299470424652,-0.16344599425792694,0,0.14067299664020538,-0.1580909937620163,0.9773529767990112,0,-0.1643339991569519,-0.9772040247917175,-0.13441400229930878,0,0.01889999955892563,3.466900110244751,0,1,0.9935709834098816,-0.10188599675893784,-0.04935399815440178,0,0.10403399914503098,0.6497700214385986,0.7529780268669128,0,-0.04464900121092796,-0.7532719969749451,0.6561920046806335,0,-0.014800000004470348,3.318700075149536,0,1,0.9864919781684875,-0.044415999203920364,-0.1576720029115677,0,0.15225400030612946,-0.10647399723529816,0.9825890064239502,0,-0.060430001467466354,-0.993323028087616,-0.09827300161123276,0,1.1504000425338745,10.18529987335205,-0.23170000314712524,1,0.9734100103378296,-0.1464190036058426,-0.17616499960422516,0,0.15299099683761597,-0.156823992729187,0.9757050275802612,0,-0.17048799991607666,-0.9767130017280579,-0.13025400042533875,0,-0.004800000227987766,2.9142000675201416,0,1,0.9933069944381714,-0.10575400292873383,-0.04644500091671944,0,0.10444699972867966,0.6507239937782288,0.7520970106124878,0,-0.049313999712467194,-0.7519140243530273,0.6574140191078186,0,-0.011900000274181366,2.7513999938964844,0,1,0.9740390181541443,-0.03409099951386452,-0.22380000352859497,0,0.21957999467849731,-0.09824199974536896,0.9706360101699829,0,-0.055077001452445984,-0.9945780038833618,-0.0882050022482872,0,3.4393999576568604,9.136799812316895,-0.0006000000284984708,1,0.9816460013389587,-0.07460399717092514,-0.1755169928073883,0,0.16225099563598633,-0.15699100494384766,0.9741809964179993,0,-0.10023300349712372,-0.9847779870033264,-0.14200499653816223,0,0.002099999925121665,2.5701000690460205,0,1,0.9937700033187866,-0.10154999792575836,-0.045931000262498856,0,0.10128399729728699,0.6508439779281616,0.7524250149726868,0,-0.046514999121427536,-0.7523890137672424,0.657073974609375,0,-0.014499999582767487,2.322200059890747,0,1,-0.07700800150632858,-0.0015180000336840749,0.9970290064811707,0,-0.9566059708595276,-0.28174999356269836,-0.07431499660015106,0,0.2810249924659729,-0.9594870209693909,0.02024500072002411,0,-6.9145002365112305,14.069199562072754,-0.1670999974012375,1,0.5006170272827148,-0.8647890090942383,0.03902599960565567,0,0.679660975933075,0.4205690026283264,0.6009849905967712,0,-0.5361379981040955,-0.2743389904499054,0.7983070015907288,0,0,14.45460033416748,0,1,-0.3252989947795868,-0.9376810193061829,-0.1222039982676506,0,0.9380980134010315,-0.33626699447631836,0.08304300159215927,0,-0.11896099895238876,-0.08762600272893906,0.9890249967575073,0,0,27.395599365234375,0,1,0.6756809949874878,0.35520198941230774,0.6459779739379883,0,-0.1575849950313568,0.925603985786438,-0.3441280126571655,0,-0.7201550006866455,0.13072499632835388,0.6813870072364807,0,0,21.32699966430664,0,1,0.5913810133934021,-0.44519099593162537,0.6723650097846985,0,-0.017822999507188797,0.8263729810714722,0.56284099817276,0,-0.8061959743499756,-0.3448370099067688,0.4807659983634949,0,2.966900110244751,3.065500020980835,1.3387000560760498,1,0.6926569938659668,0.39744099974632263,0.601885974407196,0,-0.6586819887161255,0.6885660290718079,0.30333998799324036,0,-0.2938790023326874,-0.6065620183944702,0.7387269735336304,0,0.6240000128746033,3.5220999717712402,0,1,0.9447720050811768,0.2510969936847687,0.21060900390148163,0,-0.30137598514556885,0.9181299805641174,0.25731199979782104,0,-0.12875600159168243,-0.3065739870071411,0.9430980086326599,0,-0.17730000615119934,3.3596999645233154,0,1,0.9863700270652771,0.0442500002682209,0.15848000347614288,0,-0.14805099368095398,-0.18159399926662445,0.9721649885177612,0,0.07179699838161469,-0.9823780059814453,-0.17256799340248108,0,3.605600118637085,9.873800277709961,0.13199999928474426,1,0.975517988204956,0.13910000026226044,0.17033900320529938,0,-0.1361899971961975,-0.2260569930076599,0.9645469784736633,0,0.1726749986410141,-0.9641309976577759,-0.20157800614833832,0,-0.017500000074505806,3.2762999534606934,0,1,0.9927340149879456,0.10741700232028961,0.054232001304626465,0,-0.10968499630689621,0.6224510073661804,0.7749339938163757,0,0.049483999609947205,-0.7752519845962524,0.6297109723091125,0,0.00860000029206276,3.084199905395508,0,1,0.9859340190887451,0.0456870011985302,0.16077099740505219,0,-0.15005500614643097,-0.18167699873447418,0.9718419909477234,0,0.07360900193452835,-0.9822959899902344,-0.17226600646972656,0,1.0053999423980713,10.212300300598145,-0.30720001459121704,1,0.9749850034713745,0.13884200155735016,0.17357000708580017,0,-0.13945899903774261,-0.22593900561332703,0.9641069769859314,0,0.17307500541210175,-0.9641960263252258,-0.20092399418354034,0,-0.011699999682605267,3.5343000888824463,0,1,0.9930419921875,0.10553599894046783,0.052250999957323074,0,-0.10697899758815765,0.6229580044746399,0.7749059796333313,0,0.04923100024461746,-0.775102972984314,0.6299139857292175,0,0.012400000356137753,3.217900037765503,0,1,0.9844539761543274,0.05525900050997734,0.16672199964523315,0,-0.15425899624824524,-0.18188099563121796,0.9711459875106812,0,0.0839880034327507,-0.9817669987678528,-0.17052899301052094,0,-1.1857000589370728,10.210800170898438,-0.20229999721050262,1,0.97188800573349,0.14503900706768036,0.185466006398201,0,-0.1500830054283142,-0.22529999911785126,0.962660014629364,0,0.18140900135040283,-0.963433027267456,-0.19719800353050232,0,0.00279999990016222,2.928999900817871,0,1,0.9923999905586243,0.11146699637174606,0.05212099850177765,0,-0.11067900061607361,0.6234850287437439,0.7739610075950623,0,0.05377500131726265,-0.7738479971885681,0.6310840249061584,0,0.009200000204145908,2.740799903869629,0,1,0.985692024230957,0.05031000077724457,0.16087199747562408,0,-0.1493609994649887,-0.18162700533866882,0.9719579815864563,0,0.07811799645423889,-0.9820799827575684,-0.17151400446891785,0,-3.425299882888794,8.861900329589844,0.009100000374019146,1,0.9731090068817139,0.14374500513076782,0.17998899519443512,0,-0.14474999904632568,-0.22622600197792053,0.9632599949836731,0,0.1791819930076599,-0.9634100198745728,-0.1993360072374344,0,-0.01119999960064888,2.7890000343322754,0,1,0.9926810264587402,0.10799100250005722,0.05405300110578537,0,-0.1099499985575676,0.6230850219726562,0.7743880152702332,0,0.04994700103998184,-0.774662971496582,0.6303979754447937,0,0.011599999852478504,2.355600118637085,0,1,-0.8913180232048035,-0.3695870041847229,0.2625980079174042,0,0.4317519962787628,-0.8686820268630981,0.24286200106143951,0,0.13835500180721283,0.32984501123428345,0.9338420033454895,0,8.926899909973145,-5.876500129699707,0.08160000294446945,1,0.9869539737701416,-0.002848000032827258,-0.1609790027141571,0,-0.11277800053358078,0.7013440132141113,-0.7038440108299255,0,0.11490599811077118,0.7128170132637024,0.6918730139732361,0,0,41.070499420166016,0,1,0.9407719969749451,-0.33669400215148926,0.03982599824666977,0,0.02739799953997135,0.1925790011882782,0.9808989763259888,0,-0.3379319906234741,-0.9217110276222229,0.19039799273014069,0,0,37.68939971923828,0,1,0.9967389702796936,-0.006883999798446894,0.08039899915456772,0,-0.04344100132584572,0.7938740253448486,0.6065279841423035,0,-0.06800200045108795,-0.6080430150032043,0.7909870147705078,0,0,19.417299270629883,0,1,-0.9976440072059631,0.059383001178503036,-0.03435799852013588,0,-0.06800200045108795,-0.9222120046615601,0.3806590139865875,0,-0.009081000462174416,0.382097989320755,0.9240769743919373,0,-8.926899909973145,-5.876500129699707,0.11959999799728394,1,0.9883840084075928,0.032248999923467636,0.1485150009393692,0,0.10878799855709076,0.5322549939155579,-0.8395649790763855,0,-0.10612300038337708,0.8459699749946594,0.5225639939308167,0,0,41.08089828491211,0,1,0.9772469997406006,0.15497399866580963,-0.14481399953365326,0,0.1396609991788864,0.04369499906897545,0.989234983921051,0,0.15963299572467804,-0.986952006816864,0.021057000383734703,0,0,37.71839904785156,0,1,0.9968400001525879,0,-0.0794370025396347,0,0.043768998235464096,0.8345080018043518,0.5492550134658813,0,0.06629099696874619,-0.5509960055351257,0.831870973110199,0,0,19.759899139404297,0,1
K0.033,0.9948170185089111,-0.04451607167720795,0.0914141908288002,0,0.05309107154607773,0.9941909909248352,-0.09362584352493286,0,-0.08671519160270691,0.09799385815858841,0.9914019703865051,0,0.18309269845485687,85.24816131591797,0.3402765691280365,1,0.9955430030822754,0.06448795646429062,-0.06881994754076004,0,-0.04766499996185303,0.9736810326576233,0.22287359833717346,0,0.0813809260725975,-0.2185996025800705,0.972415030002594,0,0,10.54699993133545,-1.004699945449829,1,0.9995840191841125,-0.004212093073874712,-0.028549006208777428,0,0.007654092274606228,0.9925529956817627,0.12157396972179413,0,0.027824994176626205,-0.12174197286367416,0.9921720027923584,0,0,12.360600471496582,0,1,0.9996129870414734,-0.004138092510402203,-0.027504999190568924,0,0.007461091037839651,0.9925249814987183,0.1218169704079628,0,0.02679498866200447,-0.12197496742010117,0.9921709895133972,0,0,14.126299858093262,0,1,0.9970160126686096,0.06036905199289322,0.04811200127005577,0,-0.06643804907798767,0.9883990287780762,0.13658098876476288,0,-0.03930799663066864,-0.13936997950077057,0.9894599914550781,0,0,15.89210033416748,0,1,0.9970160126686096,0.06465905159711838,0.04216999560594559,0,-0.06643804907798767,0.9968960285186768,0.04223497584462166,0,-0.03930799663066864,-0.0449109822511673,0.998216986656189,0,0,6.594299793243408,1.9848999977111816,1,-0.013566737063229084,0.007642008364200592,-0.999879002571106,0,0.9518980979919434,-0.3060346841812134,-0.015253748744726181,0,-0.30611366033554077,-0.9519901275634766,-0.0031220850069075823,0,6.9145002365112305,14.070500373840332,-0.1800999939441681,1,0.9850027561187744,0.1654842495918274,0.048827461898326874,0,-0.16459600627422333,0.8163899779319763,0.5535475611686707,0,0.051740862429142,-0.5532828569412231,0.8313840627670288,0,0,14.45460033416748,0,1,-0.6201742887496948,0.7701945304870605,0.1489439457654953,0,-0.7705705165863037,-0.633685290813446,0.0683000460267067,0,0.1469879448413849,-0.07241304963827133,0.9864839911460876,0,0,27.3981990814209,0,1,0.6786518096923828,-0.4178827404975891,-0.6039913296699524,0,0.5200510621070862,0.8541099429130554,-0.006596703082323074,0,0.5186311602592468,-0.3096294403076172,0.7969636917114258,0,0,21.339599609375,0,1,0.7766259908676147,0.1906909942626953,-0.6004070043563843,0,0.0962119996547699,0.906000018119812,0.412198007106781,0,0.6225709915161133,-0.3778899908065796,0.685276985168457,0,-2.967600107192993,3.164400100708008,1.402500033378601,1,0.5914139747619629,-0.805433988571167,0.038791999220848083,0,0.7234960198402405,0.5512620210647583,0.41552799940109253,0,-0.3560650050640106,-0.21768300235271454,0.908752977848053,0,-0.652999997138977,3.5885000228881836,0,1,0.9622960090637207,-0.21390099823474884,0.1680230051279068,0,0.19421499967575073,0.9728149771690369,0.12613700330257416,0,-0.19043700397014618,-0.08874800056219101,0.9776800274848938,0,-0.02879999950528145,3.2458999156951904,0,1,0.9881380200386047,-0.03387200087308884,-0.14978399872779846,0,0.1454620063304901,-0.10622499883174896,0.9836450219154358,0,-0.04922899976372719,-0.9937649965286255,-0.10003799945116043,0,-3.495300054550171,9.572199821472168,0.11500000208616257,1,0.9764059782028198,-0.1418839991092682,-0.1627890020608902,0,0.14006400108337402,-0.15765400230884552,0.9775109887123108,0,-0.1643580049276352,-0.9772480130195618,-0.13406099379062653,0,0.017799999564886093,3.4028000831604004,0,1,0.9933369755744934,-0.10376700013875961,-0.050136998295784,0,0.1058569997549057,0.6495659947395325,0.7529000043869019,0,-0.045559000223875046,-0.7531909942626953,0.6562229990959167,0,-0.011099999770522118,3.1398000717163086,0,1,0.9881889820098877,-0.0336420014500618,-0.14950400590896606,0,0.14521899819374084,-0.10594099760055542,0.9837110042572021,0,-0.0489329993724823,-0.9938030242919922,-0.09980499744415283,0,-1.0944000482559204,10.003399848937988,-0.1745000034570694,1,0.9763219952583313,-0.1417039930820465,-0.16344599425792694,0,0.14067299664020538,-0.1580909937620163,0.9773529767990112,0,-0.1643339991569519,-0.9772040247917175,-0.13441400229930878,0,0.01889999955892563,3.466900110244751,0,1,0.9935709834098816,-0.10188700258731842,-0.04935399815440178,0,0.10403399914503098,0.6497700214385986,0.7529780268669128,0,-0.04464900121092796,-0.7532719969749451,0.6561920046806335,0,-0.014800000004470348,3.318700075149536,0,1,0.9864919781684875,-0.044415999203920364,-0.1576720029115677,0,0.15225400030612946,-0.10647399723529816,0.9825890064239502,0,-0.060430001467466354,-0.993323028087616,-0.09827300161123276,0,1.1504000425338745,10.18529987335205,-0.23170000314712524,1,0.9734100103378296,-0.1464190036058426,-0.17616499960422516,0,0.15299099683761597,-0.156823992729187,0.9757050275802612,0,-0.17048899829387665,-0.9767130017280579,-0.13025400042533875,0,-0.004800000227987766,2.9142000675201416,0,1,0.9933069944381714,-0.10575500130653381,-0.04644500091671944,0,0.10444799810647964,0.6507239937782288,0.7520970106124878,0,-0.04931500181555748,-0.7519140243530273,0.6574140191078186,0,-0.011900000274181366,2.7513999938964844,0,1,0.9740390181541443,-0.03409099951386452,-0.22380000352859497,0,0.21957899630069733,-0.09824199974536896,0.9706360101699829,0,-0.055077001452445984,-0.9945780038833618,-0.08820600062608719,0,3.4393999576568604,9.136799812316895,-0.0006000000284984708,1,0.9816460013389587,-0.07460500299930573,-0.1755169928073883,0,0.16225099563598633,-0.15699100494384766,0.9741809964179993,0,-0.10023300349712372,-0.9847779870033264,-0.14200499653816223,0,0.002099999925121665,2.5701000690460205,0,1,0.9937700033187866,-0.10154999792575836,-0.045931000262498856,0,0.10128399729728699,0.6508439779281616,0.7524250149726868,0,-0.046514999121427536,-0.7523890137672424,0.657073974609375,0,-0.014499999582767487,2.322200059890747,0,1,-0.05912179499864578,-0.0010910017881542444,0.9982500076293945,0,-0.9635010361671448,-0.26148879528045654,-0.0573498010635376,0,0.26109379529953003,-0.9652060866355896,0.014407936483621597,0,-6.9145002365112305,14.069199562072754,-0.1670999974012375,1,0.4639325439929962,-0.8829090595245361,-0.07237111032009125,0,0.73945552110672,0.3409731984138489,0.5804676413536072,0,-0.4878235161304474,-0.3228124976158142,0.8110610842704773,0,0,14.45460033416748,0,1,-0.21440863609313965,-0.9702562093734741,-0.11238788068294525,0,0.9706882238388062,-0.22445762157440186,0.08592802286148071,0,-0.10859887301921844,-0.09067001938819885,0.9899420142173767,0,0,27.395599365234375,0,1,0.6904191970825195,0.32233262062072754,0.6476290225982666,0,-0.10191438347101212,0.9296560287475586,-0.3540530800819397,0,-0.7161948680877686,0.17844253778457642,0.6747019290924072,0,0,21.32699966430664,0,1,0.5913810133934021,-0.44519099593162537,0.6723639965057373,0,-0.017822999507188797,0.8263729810714722,0.56284099817276,0,-0.8061959743499756,-0.3448370099067688,0.4807659983634949,0,2.966900110244751,3.065500020980835,1.3387000560760498,1,0.6926569938659668,0.39744099974632263,0.601885974407196,0,-0.6586819887161255,0.6885660290718079,0.30333998799324036,0,-0.2938790023326874,-0.6065620183944702,0.7387269735336304,0,0.6240000128746033,3.5220999717712402,0,1,0.9447720050811768,0.2510969936847687,0.21060900390148163,0,-0.30137598514556885,0.9181299805641174,0.25731199979782104,0,-0.12875699996948242,-0.3065739870071411,0.9430980086326599,0,-0.17730000615119934,3.3596999645233154,0,1,0.9863700270652771,0.0442500002682209,0.15848000347614288,0,-0.14805099368095398,-0.18159499764442444,0.9721649885177612,0,0.07179699838161469,-0.9823769927024841,-0.17256799340248108,0,3.605600118637085,9.873800277709961,0.13199999928474426,1,0.975517988204956,0.13910000026226044,0.17033900320529938,0,-0.1361899971961975,-0.22605599462985992,0.9645469784736633,0,0.1726749986410141,-0.9641320109367371,-0.20157699286937714,0,-0.017500000074505806,3.2762999534606934,0,1,0.9927340149879456,0.10741700232028961,0.054232001304626465,0,-0.10968499630689621,0.6224510073661804,0.7749350070953369,0,0.049483999609947205,-0.7752519845962524,0.6297109723091125,0,0.00860000029206276,3.084199905395508,0,1,0.9859340190887451,0.0456870011985302,0.16077099740505219,0,-0.15005500614643097,-0.18167799711227417,0.9718419909477234,0,0.07360900193452835,-0.9822959899902344,-0.17226700484752655,0,1.0053999423980713,10.212300300598145,-0.30720001459121704,1,0.9749850034713745,0.13884200155735016,0.17357000708580017,0,-0.13945899903774261,-0.22593800723552704,0.9641069769859314,0,0.17307500541210175,-0.9641960263252258,-0.20092299580574036,0,-0.011699999682605267,3.5343000888824463,0,1,0.9930419921875,0.10553699731826782,0.052250999957323074,0,-0.10697899758815765,0.6229580044746399,0.7749059796333313,0,0.04923100024461746,-0.775102972984314,0.6299139857292175,0,0.012400000356137753,3.217900037765503,0,1,0.9844539761543274,0.05525900050997734,0.16672199964523315,0,-0.15425899624824524,-0.18188099563121796,0.97114497423172,0,0.0839880034327507,-0.9817669987678528,-0.17052899301052094,0,-1.1857000589370728,10.210800170898438,-0.20229999721050262,1,0.97188800573349,0.14503900706768036,0.185466006398201,0,-0.1500830054283142,-0.22529900074005127,0.9626610279083252,0,0.18140900135040283,-0.9634339809417725,-0.19719700515270233,0,0.00279999990016222,2.928999900817871,0,1,0.9923999905586243,0.11146699637174606,0.05212099850177765,0,-0.11067900061607361,0.6234850287437439,0.7739610075950623,0,0.05377500131726265,-0.7738479971885681,0.6310840249061584,0,0.009200000204145908,2.740799903869629,0,1,0.985692024230957,0.05031000077724457,0.16087299585342407,0,-0.1493609994649887,-0.1816280037164688,0.9719579815864563,0,0.07811799645423889,-0.9820799827575684,-0.17151500284671783,0,-3.425299882888794,8.861900329589844,0.009100000374019146,1,0.9731090068817139,0.14374500513076782,0.17998899519443512,0,-0.14474999904632568,-0.22622500360012054,0.9632599949836731,0,0.1791819930076599,-0.9634100198745728,-0.1993349939584732,0,-0.01119999960064888,2.7890000343322754,0,1,0.9926810264587402,0.10799100250005722,0.05405300110578537,0,-0.1099499985575676,0.6230850219726562,0.774387001991272,0,0.04994700103998184,-0.774662971496582,0.6303989887237549,0,0.011599999852478504,2.355600118637085,0,1,-0.8939750790596008,-0.36491894721984863,0.2600819766521454,0,0.4286309480667114,-0.8656319975852966,0.25876209139823914,0,0.1307089626789093,0.3428060710430145,0.9302690029144287,0,8.926899909973145,-5.876500129699707,0.08160000294446945,1,0.9881200194358826,-0.007367025129497051,-0.15350890159606934,0,-0.10721291601657867,0.6826099157333374,-0.7228751182556152,0,0.11011192947626114,0.7307460308074951,0.6737109422683716,0,0,41.070499420166016,0,1,0.939644992351532,-0.33536896109580994,0.06778227537870407,0,-0.006313315127044916,0.1810789406299591,0.9834480285644531,0,-0.34209200739860535,-0.9245200157165527,0.16803283989429474,0,0,37.68939971923828,0,1,0.9970250129699707,-0.004749984014779329,0.07693696767091751,0,-0.04187699034810066,0.8045900464057922,0.5923518538475037,0,-0.06471697986125946,-0.5938118696212769,0.8019970655441284,0,0,19.417299270629883,0,1,-0.9966319799423218,0.06755609065294266,-0.0464741513133049,0,-0.08045914769172668,-0.9149889349937439,0.3953760862350464,0,-0.01581309176981449,0.3977840840816498,0.9173429608345032,0,-8.926899909973145,-5.876500129699707,0.11959999799728394,1,0.9868379831314087,0.051630161702632904,0.15324604511260986,0,0.1010289192199707,0.543111264705658,-0.8335608839988708,0,-0.12626618146896362,0.8380718231201172,0.5307471752166748,0,0,41.08089828491211,0,1,0.9787619709968567,0.14986993372440338,-0.13987191021442413,0,0.1327698826789856,0.05643919110298157,0.9895390272140503,0,0.1561959683895111,-0.987093985080719,0.03534221276640892,0,0,37.71839904785156,0,1,0.9968400001525879,0,-0.0794370025396347,0,0.043768998235464096,0.8345080018043518,0.5492550134658813,0,0.06629099696874619,-0.5509960055351257,0.831870973110199,0,0,19.759899139404297,0,1
