8.333,30,249,65
B0,mixamorig9_Hips,-1,0.9942710399627686,-0.04451967403292656,0.09717284142971039,0,0.0506233349442482,0.9968361854553223,-0.061282169073820114,0,-0.09413694590330124,0.065850168466568,0.9933792948722839,0,-0.4160916209220886,95.56150817871094,0.6090327501296997,1
B1,mixamorig9_Spine,0,0.9985910654067993,0.04617709666490555,-0.02614186890423298,0,-0.04708917811512947,0.9982609152793884,-0.03545175492763519,0,0.024459773674607277,0.036632735282182693,0.9990298748016357,0,0,10.547012329101562,-1.0046919584274292,1
B2,mixamorig9_Spine1,1,0.999580979347229,0.028727751225233078,-0.003476934740319848,0,-0.02865276113152504,0.9993900060653687,0.019990403205156326,0,0.00404891325160861,-0.019882412627339363,0.9997940063476562,0,0,12.360549926757812,0,1
B3,mixamorig9_Spine2,2,0.999576985836029,0.028812773525714874,-0.003869934706017375,0,-0.028731772676110268,0.999396026134491,0.019550403580069542,0,0.004430913366377354,-0.019430413842201233,0.999800980091095,0,0,14.1263427734375,0,1
B4,mixamorig9_Neck,3,0.9999570250511169,0.008315510116517544,0.004105814266949892,0,-0.008951617404818535,0.981209933757782,0.19273518025875092,0,-0.0024255646858364344,-0.19276419281959534,0.9812419414520264,0,0,15.892127990722656,0,1
B5,mixamorig9_Head,4,0.9999489784240723,0.009331552311778069,0.003773662494495511,0,-0.009658596478402615,0.9950684905052185,0.09871909767389297,0,-0.0028345428872853518,-0.09875110536813736,0.9951084852218628,0,0,6.594315052032471,1.9849469661712646,1
B6,mixamorig9_HeadTop_End,5,1,0,0,0,0,1,0,0,0,0,1,0,0,22.57745361328125,6.796012878417969,1
B7,mixamorig9_LeftShoulder,3,0.24919261038303375,0.02346924878656864,-0.9681693911552429,0,0.8551919460296631,-0.4744769036769867,0.20861214399337769,0,-0.45447850227355957,-0.8799546360969543,-0.13830681145191193,0,6.914484977722168,14.0704927444458,-0.18011200428009033,1
B8,mixamorig9_LeftArm,7,0.9503929615020752,0.25107574462890625,-0.1836138665676117,0,0.018267419189214706,0.5442292094230652,0.8387377262115479,0,0.3105148673057556,-0.8004842400550842,0.5126444697380066,0,0,14.45456314086914,0,1
B9,mixamorig9_LeftForeArm,8,0.999646008014679,0.026047945022583008,0.005369999911636114,0,-0.02606094442307949,0.999657928943634,0.0023090867325663567,0,-0.0053079999051988125,-0.0024480975698679686,0.999983012676239,0,0,27.398162841796875,0,1
B10,mixamorig9_LeftHand,9,0.8808475136756897,-0.08508158475160599,0.4656928777694702,0,0.01765998639166355,0.9889376163482666,0.14727437496185303,0,-0.4730711579322815,-0.12150288373231888,0.8726052641868591,0,0,21.339616775512695,0,1
B11,mixamorig9_LeftHandThumb1,10,0.9130679965019226,0.39803799986839294,-0.08872900158166885,0,-0.3433550000190735,0.8677359819412231,0.3593609929084778,0,0.22003300487995148,-0.29765599966049194,0.928970992565155,0,-2.9675629138946533,3.1644299030303955,1.4025189876556396,1
B12,mixamorig9_LeftHandThumb2,11,0.9226059913635254,-0.37013599276542664,-0.10861899703741074,0,0.3416830003261566,0.9148399829864502,-0.21522298455238342,0,0.17903098464012146,0.16145199537277222,0.9705060124397278,0,-0.6530200242996216,3.588489055633545,0,1
B13,mixamorig9_LeftHandThumb3,12,0.9543020129203796,0.2855899930000305,0.08801200240850449,0,-0.2518410086631775,0.9270889759063721,-0.2776379883289337,0,-0.1608860045671463,0.2427850067615509,0.9566460251808167,0,-0.028790999203920364,3.245897054672241,0,1
B14,mixamorig9_LeftHandThumb4,13,1,0,0,0,0,1,0,0,0,0,1,0,0.6818109750747681,2.4556519985198975,0,1
B15,mixamorig9_LeftHandIndex1,10,0.991756021976471,0.12813700735569,-0.0005429891753010452,0,-0.1272210031747818,0.9851549863815308,0.11525700986385345,0,0.015302999876439571,-0.11423800885677338,0.993336021900177,0,-3.4953339099884033,9.572216033935547,0.11504600197076797,1
B16,mixamorig9_LeftHandIndex2,15,0.9989659786224365,-0.04496999830007553,-0.006701999809592962,0,0.04492399841547012,0.9535639882087708,0.2978219985961914,0,-0.007002000231295824,-0.2978149950504303,0.9545980095863342,0,0.01782199926674366,3.4027559757232666,0,1
B17,mixamorig9_LeftHandIndex3,16,0.9998720288276672,-0.01591300033032894,-0.0015820000553503633,0,0.015977999195456505,0.9900919795036316,0.139506995677948,0,-0.0006539999740198255,-0.1395149976015091,0.9902200102806091,0,-0.011126000434160233,3.139815092086792,0,1
B18,mixamorig9_LeftHandIndex4,17,1,0,0,0,0,1,0,0,0,0,1,0,-0.006696000229567289,2.7435970306396484,0,1
B19,mixamorig9_LeftHandMiddle1,10,0.9980430006980896,0.06248698756098747,0.00227600010111928,0,-0.06102899834513664,0.9655529856681824,0.25294700264930725,0,0.013608000241219997,-0.25259101390838623,0.967477023601532,0,-1.0944420099258423,10.003376007080078,-0.17453700304031372,1
B20,mixamorig9_LeftHandMiddle2,19,0.9989140033721924,-0.04605700075626373,-0.006978999823331833,0,0.04604100063443184,0.9533550143241882,0.2983199954032898,0,-0.0070859999395906925,-0.29831698536872864,0.9544399976730347,0,0.018854999914765358,3.4668800830841064,0,1
B21,mixamorig9_LeftHandMiddle3,20,0.9993569850921631,-0.03520600125193596,-0.006816010922193527,0,0.035560011863708496,0.9484189748764038,0.31501901149749756,0,-0.0046259998343884945,-0.31505799293518066,0.9490609765052795,0,-0.014794000424444675,3.318660020828247,0,1
B22,mixamorig9_LeftHandMiddle4,21,1,0,0,0,0,1,0,0,0,0,1,0,-0.004062000196427107,2.927170991897583,0,1
B23,mixamorig9_LeftHandRing1,10,0.9994329810142517,0.03288400173187256,0.007292000111192465,0,-0.03339000046253204,0.9387590289115906,0.34295400977134705,0,0.00443200021982193,-0.3430030047893524,0.9393240213394165,0,1.1503829956054688,10.185301780700684,-0.23173700273036957,1
B24,mixamorig9_LeftHandRing2,23,0.9986979961395264,-0.04999300092458725,-0.010103999637067318,0,0.05031900107860565,0.9333750009536743,0.35535600781440735,0,-0.008333999663591385,-0.35540199279785156,0.9346759915351868,0,-0.0047519998624920845,2.914155960083008,0,1
B25,mixamorig9_LeftHandRing3,24,0.9995489716529846,-0.02979400008916855,-0.00380899989977479,0,0.02953300066292286,0.9517220258712769,0.30553698539733887,0,-0.005478989332914352,-0.3055109977722168,0.9521729946136475,0,-0.011935999616980553,2.751400947570801,0,1
B26,mixamorig9_LeftHandRing4,25,1,0,0,0,0,1,0,0,0,0,1,0,0.016688000410795212,2.295217990875244,0,1
B27,mixamorig9_LeftHandPinky1,10,0.9999579787254333,0.00005700000110664405,-0.009162988513708115,0,0.00395399983972311,0.8993759751319885,0.4371579885482788,0,0.008265988901257515,-0.437175989151001,0.8993380069732666,0,3.4393930435180664,9.136775970458984,-0.0005499999970197678,1
B28,mixamorig9_LeftHandPinky2,27,0.9989259839057922,-0.04573800042271614,-0.00737199978902936,0,0.04585599899291992,0.9534630179405212,0.29800400137901306,0,-0.00660100020468235,-0.29802200198173523,0.9545360207557678,0,0.0021089999936521053,2.5700509548187256,0,1
B29,mixamorig9_LeftHandPinky3,28,0.9997000098228455,-0.024250000715255737,-0.003333000000566244,0,0.024201011285185814,0.9587849974632263,0.2831000089645386,0,-0.0036689999978989363,-0.28309598565101624,0.9590849876403809,0,-0.014487000182271004,2.3221960067749023,0,1
B30,mixamorig9_LeftHandPinky4,29,1,0,0,0,0,1,0,0,0,0,1,0,0.012377000413835049,1.8159420490264893,0,1
B31,mixamorig9_RightShoulder,3,0.22006388008594513,-0.026293041184544563,0.9751309156417847,0,-0.8377092480659485,-0.5172824859619141,0.1751033514738083,0,0.499813973903656,-0.8554105162620544,-0.13586126267910004,0,-6.914484977722168,14.069250106811523,-0.1670590043067932,1
B32,mixamorig9_RightArm,31,0.8745304942131042,-0.3354779779911041,0.3502158224582672,0,-0.039711903780698776,0.6701744198799133,0.7411407828330994,0,-0.4833417534828186,-0.6620579957962036,0.5727651119232178,0,0,14.45456314086914,0,1
B33,mixamorig9_RightForeArm,32,0.9932659268379211,-0.11572566628456116,-0.005481000058352947,0,0.1157776489853859,0.9932219386100769,0.010249054059386253,0,0.00425798911601305,-0.010814065113663673,0.9999319911003113,0,0,27.395614624023438,0,1
B34,mixamorig9_RightHand,33,0.9602395296096802,0.10907749086618423,-0.2569863498210907,0,-0.06785896420478821,0.9840998649597168,0.16414183378219604,0,0.27080458402633667,-0.14017660915851593,0.952373743057251,0,0,21.326963424682617,0,1
B35,mixamorig9_RightHandThumb1,34,0.9012709856033325,-0.4264020025730133,0.07675699889659882,0,0.3757399916648865,0.857466995716095,0.3515259921550751,0,-0.21570800244808197,-0.28797999024391174,0.9330260157585144,0,2.966900110244751,3.065524101257324,1.3387219905853271,1
B36,mixamorig9_RightHandThumb2,35,0.9167919754981995,0.3865300118923187,0.100429005920887,0,-0.36353299021720886,0.9118279814720154,-0.1908240020275116,0,-0.16533301770687103,0.13843600451946259,0.9764729738235474,0,0.6240289807319641,3.522144079208374,0,1
B37,mixamorig9_RightHandThumb3,36,0.9891489744186401,-0.10643299669027328,-0.10127799957990646,0,0.06774099916219711,0.942093014717102,-0.32843899726867676,0,0.13037000596523285,0.3180150091648102,0.939079999923706,0,-0.1772869974374771,3.359718084335327,0,1
B38,mixamorig9_RightHandThumb4,37,1,0,0,0,0,1,0,0,0,0,1,0,-0.4467410147190094,2.794459104537964,0,1
B39,mixamorig9_RightHandIndex1,34,0.9923980236053467,-0.12306699901819229,0.0010079999919980764,0,0.1224840059876442,0.988431990146637,0.08944100141525269,0,-0.012002999894320965,-0.08863700926303864,0.9959920048713684,0,3.6055960655212402,9.873830795288086,0.13198600709438324,1
B40,mixamorig9_RightHandIndex2,39,0.9992809891700745,0.0375090017914772,0.005506000015884638,0,-0.03744100034236908,0.9536479711532593,0.29858601093292236,0,0.005948999896645546,-0.2985770106315613,0.9543669819831848,0,-0.01749500073492527,3.276309013366699,0,1
B41,mixamorig9_RightHandIndex3,40,0.9998949766159058,0.014409000054001808,0.001415999955497682,0,-0.014464999549090862,0.9900649785995483,0.13986200094223022,0,0.0006130000110715628,-0.13986799120903015,0.9901700019836426,0,0.008554999716579914,3.084217071533203,0,1
B42,mixamorig9_RightHandIndex4,41,1,0,0,0,0,1,0,0,0,0,1,0,0.008940000087022781,2.6148910522460938,0,1
B43,mixamorig9_RightHandMiddle1,34,0.9983019828796387,-0.057989999651908875,-0.005535999778658152,0,0.05771400034427643,0.971668004989624,0.22919301688671112,0,-0.007911000400781631,-0.22912399470806122,0.9733650088310242,0,1.0053759813308716,10.212286949157715,-0.3071709871292114,1
B44,mixamorig9_RightHandMiddle2,43,0.9992930293083191,0.03715299814939499,0.005733999889343977,0,-0.03716700151562691,0.9535220265388489,0.29902100563049316,0,0.0056420001201331615,-0.29902300238609314,0.9542289972305298,0,-0.011707999743521214,3.5343050956726074,0,1
B45,mixamorig9_RightHandMiddle3,44,0.9996020197868347,0.02772900089621544,0.005216000135987997,0,-0.027956999838352203,0.9484279751777649,0.3157559931278229,0,0.0038079998921602964,-0.315775990486145,0.948826014995575,0,0.012419000267982483,3.2179040908813477,0,1
B46,mixamorig9_RightHandMiddle4,45,1,0,0,0,0,1,0,0,0,0,1,0,-0.0007110000005923212,2.859668016433716,0,1
B47,mixamorig9_RightHandRing1,34,0.9993730187416077,-0.03348100185394287,-0.011510010808706284,0,0.03540400043129921,0.9466540217399597,0.32030200958251953,0,0.0001720000000204891,-0.3205089867115021,0.9472460150718689,0,-1.1856579780578613,10.210817337036133,-0.202332004904747,1
B48,mixamorig9_RightHandRing2,47,0.9990839958190918,0.041958000510931015,0.008403999730944633,0,-0.04219700023531914,0.9334080219268799,0.35632601380348206,0,0.00710699986666441,-0.3563539981842041,0.9343240261077881,0,0.00279000005684793,2.928972005844116,0,1
B49,mixamorig9_RightHandRing3,48,0.99965500831604,0.02602499909698963,0.003629010869190097,0,-0.025885000824928284,0.9515669941902161,0.3063499927520752,0,0.004519000183790922,-0.30633801221847534,0.951911985874176,0,0.009189000353217125,2.740817070007324,0,1
B50,mixamorig9_RightHandRing4,49,1,0,0,0,0,1,0,0,0,0,1,0,-0.011978999711573124,2.344101905822754,0,1
B51,mixamorig9_RightHandPinky1,34,0.9999729990959167,-0.005696999840438366,0.004567010793834925,0,0.003278000047430396,0.9091820120811462,0.4163849949836731,0,-0.006525000091642141,-0.416359007358551,0.9091770052909851,0,-3.425313949584961,8.861891746520996,0.009116999804973602,1
B52,mixamorig9_RightHandPinky2,51,0.9991700053215027,0.04026300087571144,0.00621100002899766,0,-0.04027799889445305,0.9534410238265991,0.2988789975643158,0,0.006111999973654747,-0.29888099431991577,0.9542710185050964,0,-0.011164999566972256,2.789033889770508,0,1
B53,mixamorig9_RightHandPinky3,52,0.9996820092201233,0.02478799968957901,0.004550000187009573,0,-0.025059010833501816,0.9585250020027161,0.28390398621559143,0,0.0026759998872876167,-0.2839280068874359,0.9588419795036316,0,0.011587999761104584,2.355591058731079,0,1
B54,mixamorig9_RightHandPinky4,53,1,0,0,0,0,1,0,0,0,0,1,0,-0.00042299999040551484,2.094815969467163,0,1
B55,mixamorig9_LeftUpLeg,0,-0.9506518244743347,-0.14647714793682098,0.2735046446323395,0,0.17559222877025604,-0.9807810187339783,0.08506457507610321,0,0.25578755140304565,0.1288919448852539,0.9581015110015869,0,8.92685604095459,-5.876511096954346,0.08162300288677216,1
B56,mixamorig9_LeftLeg,55,0.998577892780304,0.042595963925123215,0.03206825628876686,0,-0.03480173647403717,0.9763863682746887,-0.21321167051792145,0,-0.04039318487048149,0.21179154515266418,0.9764792919158936,0,0,41.070518493652344,0,1
B57,mixamorig9_LeftFoot,56,0.9788330793380737,-0.049455076456069946,0.19859686493873596,0,-0.14482976496219635,0.5182464122772217,0.8428789377212524,0,-0.14460672438144684,-0.8537999987602234,0.5001134872436523,0,0,37.689430236816406,0,1
B58,mixamorig9_LeftToeBase,57,0.9963319897651672,-0.009857913479208946,0.08500388264656067,0,-0.04564293846487999,0.7790313959121704,0.6253215074539185,0,-0.07238487899303436,-0.6269075274467468,0.775723397731781,0,0,19.417316436767578,0,1
B59,mixamorig9_LeftToe_End,58,1,0,0,0,0,1,0,0,0,0,1,0,0,7.932339191436768,0,1
B60,mixamorig9_RightUpLeg,0,-0.9840618968009949,-0.02945786714553833,-0.17537061870098114,0,0.04208428040146828,-0.9967477917671204,-0.0687209963798523,0,-0.172776460647583,-0.07500620186328888,0.982100784778595,0,-8.92685604095459,-5.876511096954346,0.1196030005812645,1
B61,mixamorig9_RightLeg,60,0.9849129915237427,-0.025477362796664238,-0.17116554081439972,0,0.006667501293122768,0.9939553737640381,-0.10958139598369598,0,0.1729230433702469,0.10678782314062119,0.9791293144226074,0,0,41.080894470214844,0,1
B62,mixamorig9_RightFoot,61,0.9776487946510315,-0.01981091871857643,-0.2093075066804886,0,0.19806765019893646,0.42066341638565063,0.8853310346603394,0,0.0705089345574379,-0.9070003628730774,0.4151850640773773,0,0,37.718360900878906,0,1
B63,mixamorig9_RightToeBase,62,0.9947080016136169,0.014771913178265095,-0.10167788714170456,0,0.0543629452586174,0.7640763521194458,0.6428315043449402,0,0.08718588948249817,-0.6449565887451172,0.7592294216156006,0,0,19.759946823120117,0,1
B64,mixamorig9_RightToe_End,63,1,0,0,0,0,1,0,0,0,0,1,0,0,7.937030792236328,0,1
@52,0,1,2,3,4,5,7,8,9,10,11,12,13,15,16,17,19,20,21,23,24,25,27,28,29,31,32,33,34,35,36,37,39,40,41,43,44,45,47,48,49,51,52,53,55,56,57,58,60,61,62,63
K0.000,0.9940860271453857,-0.053268998861312866,0.09463199973106384,0,0.05910300090909004,0.9964500069618225,-0.059957001358270645,0,-0.0911019966006279,0.0651950016617775,0.9937049746513367,0,0.14619800448417664,95.53099060058594,-0.2665199935436249,1,0.9987840056419373,0.04291300103068352,-0.024257000535726547,0,-0.04377400130033493,0.9983869791030884,-0.036166999489068985,0,0.022665999829769135,0.03718499839305878,0.9990509748458862,0,0,10.547012329101562,-1.0046919584274292,1,0.9996150135993958,0.027598999440670013,-0.0027719999197870493,0,-0.027536999434232712,0.9994159936904907,0.020221000537276268,0,0.0033279999624937773,-0.0201370008289814,0.9997919797897339,0,0,12.360549926757812,0,1,0.9996110200881958,0.027695000171661377,-0.0031610000878572464,0,-0.027627000585198402,0.9994230270385742,0.019781000912189484,0,0.0037070000544190407,-0.019686000421643257,0.9997990131378174,0,0,14.1263427734375,0,1,0.9999679923057556,0.00752299977466464,0.002876000013202429,0,-0.007935999892652035,0.9813719987869263,0.19195400178432465,0,-0.0013780000153928995,-0.19197000563144684,0.9814000129699707,0,0,15.892127990722656,0,1,0.9999619722366333,0.00837399996817112,0.0025770000647753477,0,-0.008585999719798565,0.9951549768447876,0.09793899953365326,0,-0.001744000008329749,-0.09795700013637543,0.9951890110969543,0,0,6.594315052032471,1.9849469661712646,1,0.2552250027656555,0.022028999403119087,-0.9666309952735901,0,0.8518739938735962,-0.47801798582077026,0.21403199434280396,0,-0.45735201239585876,-0.8780739903450012,-0.14076800644397736,0,6.914484977722168,14.0704927444458,-0.18011200428009033,1,0.9495149850845337,0.24635100364685059,-0.19425000250339508,0,0.027814999222755432,0.5506349802017212,0.8342829942703247,0,0.31248700618743896,-0.7975670099258423,0.515982985496521,0,0,14.45456314086914,0,1,0.9996640086174011,0.025356000289320946,0.005367999896407127,0,-0.02536799944937229,0.999675989151001,0.0022479998879134655,0,-0.005309999920427799,-0.002383999992161989,0.999983012676239,0,0,27.398162841796875,0,1,0.8779529929161072,-0.086326003074646,0.47089898586273193,0,0.01597299985587597,0.9883430004119873,0.15140500664710999,0,-0.4784800112247467,-0.1254040002822876,0.8690969944000244,0,0,21.339616775512695,0,1,0.9130679965019226,0.3980390131473541,-0.08872900158166885,0,-0.3433550000190735,0.8677359819412231,0.3593609929084778,0,0.22003300487995148,-0.29765599966049194,0.928970992565155,0,-2.9675629138946533,3.1644299030303955,1.4025189876556396,1,0.9226049780845642,-0.3701370060443878,-0.10861899703741074,0,0.3416830003261566,0.9148399829864502,-0.21522299945354462,0,0.17903099954128265,0.1614529937505722,0.9705060124397278,0,-0.6530200242996216,3.588489055633545,0,1,0.9543020129203796,0.2855899930000305,0.08801200240850449,0,-0.2518410086631775,0.9270889759063721,-0.2776379883289337,0,-0.1608860045671463,0.2427850067615509,0.9566460251808167,0,-0.028790999203920364,3.245897054672241,0,1,0.991756021976471,0.12813700735569,-0.0005419999943114817,0,-0.1272210031747818,0.9851549863815308,0.11525700241327286,0,0.015302999876439571,-0.11423800140619278,0.993336021900177,0,-3.4953339099884033,9.572216033935547,0.11504600197076797,1,0.9989659786224365,-0.04496999830007553,-0.006701999809592962,0,0.04492399841547012,0.9535639882087708,0.2978219985961914,0,-0.007002000231295824,-0.2978149950504303,0.9545980095863342,0,0.01782199926674366,3.4027559757232666,0,1,0.9998720288276672,-0.01591300033032894,-0.0015820000553503633,0,0.015977999195456505,0.9900919795036316,0.13950799405574799,0,-0.0006539999740198255,-0.1395149976015091,0.9902200102806091,0,-0.011126000434160233,3.139815092086792,0,1,0.9980430006980896,0.06248600035905838,0.00227600010111928,0,-0.06102899834513664,0.9655529856681824,0.25294700264930725,0,0.013608000241219997,-0.25259101390838623,0.967477023601532,0,-1.0944420099258423,10.003376007080078,-0.17453700304031372,1,0.9989140033721924,-0.04605700075626373,-0.006978999823331833,0,0.04604100063443184,0.9533550143241882,0.2983199954032898,0,-0.0070859999395906925,-0.29831698536872864,0.9544399976730347,0,0.018854999914765358,3.4668800830841064,0,1,0.9993569850921631,-0.03520600125193596,-0.006816000211983919,0,0.0355600006878376,0.9484189748764038,0.3150179982185364,0,-0.0046259998343884945,-0.31505799293518066,0.9490609765052795,0,-0.014794000424444675,3.318660020828247,0,1,0.9994329810142517,0.03288400173187256,0.007292000111192465,0,-0.03339000046253204,0.9387590289115906,0.34295400977134705,0,0.00443200021982193,-0.3430030047893524,0.9393240213394165,0,1.1503829956054688,10.185301780700684,-0.23173700273036957,1,0.9986979961395264,-0.04999300092458725,-0.010103999637067318,0,0.05031900107860565,0.9333750009536743,0.35535699129104614,0,-0.008333999663591385,-0.35540300607681274,0.9346759915351868,0,-0.0047519998624920845,2.914155960083008,0,1,0.9995489716529846,-0.02979400008916855,-0.00380899989977479,0,0.02953300066292286,0.9517220258712769,0.30553698539733887,0,-0.0054790000431239605,-0.305512011051178,0.9521729946136475,0,-0.011935999616980553,2.751400947570801,0,1,0.9999579787254333,0.00005700000110664405,-0.009162000380456448,0,0.00395399983972311,0.8993759751319885,0.4371579885482788,0,0.008264999836683273,-0.437175989151001,0.8993380069732666,0,3.4393930435180664,9.136775970458984,-0.0005499999970197678,1,0.9989259839057922,-0.04573800042271614,-0.00737199978902936,0,0.04585599899291992,0.9534620046615601,0.29800400137901306,0,-0.00660100020468235,-0.29802200198173523,0.9545360207557678,0,0.0021089999936521053,2.5700509548187256,0,1,0.9997000098228455,-0.024250000715255737,-0.003333000000566244,0,0.02420100010931492,0.9587849974632263,0.2831000089645386,0,-0.0036700000055134296,-0.28309598565101624,0.9590849876403809,0,-0.014487000182271004,2.3221960067749023,0,1,0.218081995844841,-0.027171999216079712,0.9755520224571228,0,-0.8417440056800842,-0.5110909938812256,0.1739339977502823,0,0.49386999011039734,-0.8590970039367676,-0.13433100283145905,0,-6.914484977722168,14.069250106811523,-0.1670590043067932,1,0.8750389814376831,-0.3395119905471802,0.34501901268959045,0,-0.03488900139927864,0.6666809916496277,0.7445260286331177,0,-0.48279300332069397,-0.6635270118713379,0.5715270042419434,0,0,14.45456314086914,0,1,0.993228018283844,-0.11605600267648697,-0.005483999848365784,0,0.11610700190067291,0.9931830167770386,0.010277999565005302,0,0.004253999795764685,-0.010844999924302101,0.9999319911003113,0,0,27.395614624023438,0,1,0.9602800011634827,0.10787999629974365,-0.2573390007019043,0,-0.06462199985980988,0.9831479787826538,0.17100800573825836,0,0.2714509963989258,-0.14758500456809998,0.9510689973831177,0,0,21.326963424682617,0,1,0.9012709856033325,-0.4264020025730133,0.07675699889659882,0,0.3757399916648865,0.8574659824371338,0.3515259921550751,0,-0.21570800244808197,-0.28797999024391174,0.9330260157585144,0,2.966900110244751,3.065524101257324,1.3387219905853271,1,0.9167919754981995,0.3865300118923187,0.1004289984703064,0,-0.36353299021720886,0.9118279814720154,-0.1908240020275116,0,-0.16533400118350983,0.13843600451946259,0.9764729738235474,0,0.6240289807319641,3.522144079208374,0,1,0.9891489744186401,-0.10643299669027328,-0.10127799957990646,0,0.06774099916219711,0.942093014717102,-0.32843899726867676,0,0.13037000596523285,0.318013995885849,0.939079999923706,0,-0.1772869974374771,3.359718084335327,0,1,0.9923980236053467,-0.12306699901819229,0.001006999984383583,0,0.1224839985370636,0.988431990146637,0.08944100141525269,0,-0.012002999894320965,-0.08863700181245804,0.9959920048713684,0,3.6055960655212402,9.873830795288086,0.13198600709438324,1,0.9992809891700745,0.0375090017914772,0.005506000015884638,0,-0.03744100034236908,0.9536479711532593,0.2985849976539612,0,0.005948999896645546,-0.2985770106315613,0.9543669819831848,0,-0.01749500073492527,3.276309013366699,0,1,0.9998949766159058,0.014409000054001808,0.001415999955497682,0,-0.014464999549090862,0.9900649785995483,0.13986200094223022,0,0.0006130000110715628,-0.13986800611019135,0.9901700019836426,0,0.008554999716579914,3.084217071533203,0,1,0.9983019828796387,-0.057989999651908875,-0.005535999778658152,0,0.05771400034427643,0.971668004989624,0.22919400036334991,0,-0.007911000400781631,-0.22912399470806122,0.9733650088310242,0,1.0053759813308716,10.212286949157715,-0.3071709871292114,1,0.9992930293083191,0.03715299814939499,0.005733999889343977,0,-0.03716700151562691,0.9535229802131653,0.29902100563049316,0,0.0056420001201331615,-0.29902198910713196,0.9542289972305298,0,-0.011707999743521214,3.5343050956726074,0,1,0.9996020197868347,0.02772900089621544,0.005216000135987997,0,-0.027956999838352203,0.9484289884567261,0.3157559931278229,0,0.0038079998921602964,-0.315775990486145,0.948826014995575,0,0.012419000267982483,3.2179040908813477,0,1,0.9993730187416077,-0.03348100185394287,-0.011510999873280525,0,0.03540400043129921,0.9466540217399597,0.32030200958251953,0,0.00017299999308306724,-0.3205089867115021,0.9472460150718689,0,-1.1856579780578613,10.210817337036133,-0.202332004904747,1,0.9990839958190918,0.041958000510931015,0.008403999730944633,0,-0.04219700023531914,0.9334080219268799,0.35632601380348206,0,0.00710600009188056,-0.3563550114631653,0.9343240261077881,0,0.00279000005684793,2.928972005844116,0,1,0.99965500831604,0.02602499909698963,0.003628999926149845,0,-0.025885000824928284,0.9515669941902161,0.3063490092754364,0,0.004519000183790922,-0.30633801221847534,0.951911985874176,0,0.009189000353217125,2.740817070007324,0,1,0.9999729990959167,-0.005696999840438366,0.004567000083625317,0,0.003278000047430396,0.9091820120811462,0.4163849949836731,0,-0.006525000091642141,-0.416359007358551,0.9091770052909851,0,-3.425313949584961,8.861891746520996,0.009116999804973602,1,0.9991700053215027,0.04026300087571144,0.00621100002899766,0,-0.04027799889445305,0.9534410238265991,0.2988789975643158,0,0.006111999973654747,-0.29888099431991577,0.9542710185050964,0,-0.011164999566972256,2.789033889770508,0,1,0.9996820092201233,0.02478799968957901,0.004550000187009573,0,-0.02505899965763092,0.9585250020027161,0.28390398621559143,0,0.0026759998872876167,-0.2839280068874359,0.9588419795036316,0,0.011587999761104584,2.355591058731079,0,1,-0.9505209922790527,-0.1471630036830902,0.2735919952392578,0,0.18145599961280823,-0.977836012840271,0.10445000231266022,0,0.2521570026874542,0.1489270031452179,0.9561579823493958,0,8.92685604095459,-5.876511096954346,0.08162300288677216,1,0.9986969828605652,0.04133300110697746,0.02993999980390072,0,-0.03342499956488609,0.9730110168457031,-0.2283249944448471,0,-0.038568999618291855,0.22702699899673462,0.9731240272521973,0,0,41.070518493652344,0,1,0.979108989238739,-0.044679999351501465,0.19836600124835968,0,-0.14744199812412262,0.5157939791679382,0.8439300060272217,0,-0.14002199470996857,-0.8555470108985901,0.498430997133255,0,0,37.689430236816406,0,1,0.9963279962539673,-0.0098860003054142,0.08504699915647507,0,-0.04566400125622749,0.778889000415802,0.6254969835281372,0,-0.0724250003695488,-0.6270830035209656,0.7755780220031738,0,0,19.417316436767578,0,1,-0.9844949841499329,-0.03489299863576889,-0.17190800607204437,0,0.045736998319625854,-0.9971780180931091,-0.05952800065279007,0,-0.16934600472450256,-0.0664680004119873,0.9833130240440369,0,-8.92685604095459,-5.876511096954346,0.1196030005812645,1,0.9850559830665588,-0.023579999804496765,-0.17061200737953186,0,0.0058650001883506775,0.9946020245552063,-0.10360000282526016,0,0.17213399708271027,0.10105100274085999,0.9798769950866699,0,0,41.080894470214844,0,1,0.9763780236244202,-0.022166000679135323,-0.21492800116539001,0,0.2030320018529892,0.4344080090522766,0.8775349855422974,0,0.07391499727964401,-0.9004430174827576,0.4286470115184784,0,0,37.718360900878906,0,1,0.9945780038833618,0.01563199982047081,-0.10281199961900711,0,0.05499599874019623,0.7600150108337402,0.6475740075111389,0,0.08826199918985367,-0.6497169733047485,0.7550349831581116,0,0,19.759946823120117,0,1
K0.033,0.9940879940986633,-0.053296998143196106,0.09459400177001953,0,0.05910100042819977,0.9964680075645447,-0.05964899808168411,0,-0.09108100086450577,0.06488700211048126,0.9937270283699036,0,0.14701201021671295,95.53172302246094,-0.2648659348487854,1,0.9987879991531372,0.042872000485658646,-0.02417699806392193,0,-0.043731000274419785,0.998386025428772,-0.0362280011177063,0,0.022584998980164528,0.03724199905991554,0.9990509748458862,0,0,10.547012329101562,-1.0046919584274292,1,0.9996160268783569,0.027583999559283257,-0.0027399989776313305,0,-0.027522999793291092,0.9994170069694519,0.020201999694108963,0,0.003294999012723565,-0.020117999985814095,0.9997919797897339,0,0,12.360549926757812,0,1,0.9996119737625122,0.027681000530719757,-0.0031289991457015276,0,-0.02761399932205677,0.9994230270385742,0.01976099982857704,0,0.0036739991046488285,-0.019666999578475952,0.9998000264167786,0,0,14.1263427734375,0,1,0.9999669790267944,0.007541000377386808,0.002873999997973442,0,-0.007952000014483929,0.9813699722290039,0.19196000695228577,0,-0.0013729998609051108,-0.19197699427604675,0.9813979864120483,0,0,15.892127990722656,0,1,0.9999610185623169,0.008390000090003014,0.0025740000419318676,0,-0.008600999601185322,0.9951540231704712,0.09794799983501434,0,-0.0017389998538419604,-0.09796600043773651,0.9951879978179932,0,0,6.594315052032471,1.9849469661712646,1,0.25530898571014404,0.022021999582648277,-0.966609001159668,0,0.8519049882888794,-0.4779210090637207,0.21412399411201477,0,-0.4572480022907257,-0.8781269788742065,-0.14077800512313843,0,6.914484977722168,14.0704927444458,-0.18011200428009033,1,0.9494580030441284,0.24642600119113922,-0.19443300366401672,0,0.027956003323197365,0.5505750179290771,0.8343179821968079,0,0.3126470148563385,-0.7975850105285645,0.515857994556427,0,0,14.45456314086914,0,1,0.9996650218963623,0.02530599758028984,0.005367999896407127,0,-0.025318998843431473,0.9996770024299622,0.002243999857455492,0,-0.005309999920427799,-0.0023789997212588787,0.999983012676239,0,0,27.398162841796875,0,1,0.8779670000076294,-0.08642899990081787,0.4708540141582489,0,0.01607300154864788,0.9883350133895874,0.15144599974155426,0,-0.4784510135650635,-0.1253969967365265,0.8691149950027466,0,0,21.339616775512695,0,1,0.9130679965019226,0.39803799986839294,-0.08872999995946884,0,-0.3433550000190735,0.8677369952201843,0.3593609929084778,0,0.22003300487995148,-0.29765498638153076,0.928970992565155,0,-2.9675629138946533,3.1644299030303955,1.4025189876556396,1,0.9226059913635254,-0.37013599276542664,-0.10861899703741074,0,0.3416830003261566,0.9148399829864502,-0.21522200107574463,0,0.17903000116348267,0.16145199537277222,0.9705060124397278,0,-0.6530200242996216,3.588489055633545,0,1,0.9543020129203796,0.2855899930000305,0.08801200240850449,0,-0.2518410086631775,0.9270889759063721,-0.2776379883289337,0,-0.1608860045671463,0.2427850067615509,0.9566460251808167,0,-0.028790999203920364,3.245897054672241,0,1,0.991756021976471,0.12813700735569,-0.0005430000019259751,0,-0.1272210031747818,0.9851549863815308,0.11525700241327286,0,0.015302999876439571,-0.11423800140619278,0.993336021900177,0,-3.4953339099884033,9.572216033935547,0.11504600197076797,1,0.9989659786224365,-0.04496999830007553,-0.006701999809592962,0,0.04492399841547012,0.9535639882087708,0.2978219985961914,0,-0.007002000231295824,-0.2978149950504303,0.9545980095863342,0,0.01782199926674366,3.4027559757232666,0,1,0.9998720288276672,-0.01591300033032894,-0.0015810000477358699,0,0.015977999195456505,0.9900919795036316,0.13950799405574799,0,-0.0006539999740198255,-0.1395149976015091,0.9902200102806091,0,-0.011126000434160233,3.139815092086792,0,1,0.9980430006980896,0.06248600035905838,0.00227600010111928,0,-0.06102899834513664,0.9655529856681824,0.25294700264930725,0,0.013608000241219997,-0.25259101390838623,0.967477023601532,0,-1.0944420099258423,10.003376007080078,-0.17453700304031372,1,0.9989140033721924,-0.04605700075626373,-0.006978999823331833,0,0.04604100063443184,0.9533550143241882,0.2983199954032898,0,-0.0070859999395906925,-0.2983179986476898,0.9544399976730347,0,0.018854999914765358,3.4668800830841064,0,1,0.9993569850921631,-0.03520600125193596,-0.006816999986767769,0,0.03556099906563759,0.9484189748764038,0.3150179982185364,0,-0.0046259998343884945,-0.31505799293518066,0.9490609765052795,0,-0.014794000424444675,3.318660020828247,0,1,0.9994329810142517,0.03288400173187256,0.007292000111192465,0,-0.03339000046253204,0.9387590289115906,0.34295400977134705,0,0.00443200021982193,-0.3430030047893524,0.9393240213394165,0,1.1503829956054688,10.185301780700684,-0.23173700273036957,1,0.9986979961395264,-0.04999300092458725,-0.010103999637067318,0,0.05031900107860565,0.9333750009536743,0.35535699129104614,0,-0.008333999663591385,-0.35540300607681274,0.9346759915351868,0,-0.0047519998624920845,2.914155960083008,0,1,0.9995489716529846,-0.02979400008916855,-0.00380899989977479,0,0.02953300066292286,0.9517220258712769,0.30553698539733887,0,-0.0054779998026788235,-0.305512011051178,0.9521729946136475,0,-0.011935999616980553,2.751400947570801,0,1,0.9999579787254333,0.00005700000110664405,-0.00916299968957901,0,0.00395399983972311,0.8993759751319885,0.4371579885482788,0,0.00826600007712841,-0.437175989151001,0.8993380069732666,0,3.4393930435180664,9.136775970458984,-0.0005499999970197678,1,0.9989259839057922,-0.04573800042271614,-0.00737199978902936,0,0.04585599899291992,0.9534630179405212,0.29800400137901306,0,-0.00660100020468235,-0.29802200198173523,0.9545360207557678,0,0.0021089999936521053,2.5700509548187256,0,1,0.9997000098228455,-0.024250000715255737,-0.003333000000566244,0,0.024202000349760056,0.9587849974632263,0.2831000089645386,0,-0.0036689999978989363,-0.28309598565101624,0.9590849876403809,0,-0.014487000182271004,2.3221960067749023,0,1,0.21816100180149078,-0.027166999876499176,0.9755340218544006,0,-0.8418139815330505,-0.5109429955482483,0.17402799427509308,0,0.49371498823165894,-0.859184980392456,-0.13433699309825897,0,-6.914484977722168,14.069250106811523,-0.1670590043067932,1,0.8750079870223999,-0.3395259976387024,0.345084011554718,0,-0.0348920002579689,0.6667389869689941,0.7444739937782288,0,-0.48284998536109924,-0.6634610295295715,0.5715550184249878,0,0,14.45456314086914,0,1,0.9932360053062439,-0.11598800122737885,-0.005483999848365784,0,0.11603900045156479,0.9931910037994385,0.01027199998497963,0,0.004255000036209822,-0.010839000344276428,0.9999319911003113,0,0,27.395614624023438,0,1,0.9603170156478882,0.10789400339126587,-0.25719499588012695,0,-0.06464999914169312,0.9831410050392151,0.17103900015354156,0,0.27131301164627075,-0.14762400090694427,0.9511029720306396,0,0,21.326963424682617,0,1,0.9012709856033325,-0.4264020025730133,0.07675699889659882,0,0.3757399916648865,0.8574659824371338,0.35152700543403625,0,-0.21570900082588196,-0.28797999024391174,0.9330260157585144,0,2.966900110244751,3.065524101257324,1.3387219905853271,1,0.9167919754981995,0.3865300118923187,0.1004289984703064,0,-0.36353299021720886,0.9118279814720154,-0.1908240020275116,0,-0.16533300280570984,0.13843600451946259,0.9764729738235474,0,0.6240289807319641,3.522144079208374,0,1,0.9891489744186401,-0.10643299669027328,-0.10127799957990646,0,0.06774099916219711,0.942093014717102,-0.32843899726867676,0,0.13037000596523285,0.3180150091648102,0.939079999923706,0,-0.1772869974374771,3.359718084335327,0,1,0.9923980236053467,-0.12306699901819229,0.0010079999919980764,0,0.12248499691486359,0.988431990146637,0.08944100141525269,0,-0.012002999894320965,-0.08863800019025803,0.9959920048713684,0,3.6055960655212402,9.873830795288086,0.13198600709438324,1,0.9992809891700745,0.0375090017914772,0.005506000015884638,0,-0.03744100034236908,0.9536479711532593,0.29858601093292236,0,0.005948999896645546,-0.2985770106315613,0.9543669819831848,0,-0.01749500073492527,3.276309013366699,0,1,0.9998949766159058,0.014409000054001808,0.0014169999631121755,0,-0.014465999789536,0.9900649785995483,0.13986200094223022,0,0.0006130000110715628,-0.13986800611019135,0.9901700019836426,0,0.008554999716579914,3.084217071533203,0,1,0.9983019828796387,-0.057989999651908875,-0.005537000019103289,0,0.05771400034427643,0.971668004989624,0.22919400036334991,0,-0.007911000400781631,-0.22912399470806122,0.9733650088310242,0,1.0053759813308716,10.212286949157715,-0.3071709871292114,1,0.9992930293083191,0.03715299814939499,0.005733999889343977,0,-0.03716700151562691,0.9535220265388489,0.29902100563049316,0,0.0056420001201331615,-0.29902300238609314,0.9542289972305298,0,-0.011707999743521214,3.5343050956726074,0,1,0.9996020197868347,0.027728000655770302,0.005216000135987997,0,-0.027955999597907066,0.9484279751777649,0.3157559931278229,0,0.00380899989977479,-0.315775990486145,0.948826014995575,0,0.012419000267982483,3.2179040908813477,0,1,0.9993730187416077,-0.03348100185394287,-0.011509999632835388,0,0.03540400043129921,0.9466540217399597,0.32030200958251953,0,0.00017200001457240433,-0.3205089867115021,0.9472450017929077,0,-1.1856579780578613,10.210817337036133,-0.202332004904747,1,0.9990839958190918,0.041958000510931015,0.008403999730944633,0,-0.04219700023531914,0.9334080219268799,0.35632601380348206,0,0.00710699986666441,-0.3563539981842041,0.9343240261077881,0,0.00279000005684793,2.928972005844116,0,1,0.99965500831604,0.02602499909698963,0.0036299999337643385,0,-0.025885000824928284,0.9515669941902161,0.3063499927520752,0,0.004519000183790922,-0.30633801221847534,0.951911985874176,0,0.009189000353217125,2.740817070007324,0,1,0.9999729990959167,-0.005696999840438366,0.004567999858409166,0,0.003278000047430396,0.9091820120811462,0.4163860082626343,0,-0.006525000091642141,-0.4163599908351898,0.9091770052909851,0,-3.425313949584961,8.861891746520996,0.009116999804973602,1,0.9991700053215027,0.04026300087571144,0.00621100002899766,0,-0.04027799889445305,0.9534410238265991,0.2988789975643158,0,0.006111999973654747,-0.29888099431991577,0.9542710185050964,0,-0.011164999566972256,2.789033889770508,0,1,0.9996820092201233,0.02478799968957901,0.004550000187009573,0,-0.02505899965763092,0.9585250020027161,0.28390398621559143,0,0.0026759998872876167,-0.2839280068874359,0.9588419795036316,0,0.011587999761104584,2.355591058731079,0,1,-0.950577974319458,-0.14710499346256256,0.27342501282691956,0,0.18146799504756927,-0.9777939915657043,0.10482099652290344,0,0.2519339919090271,0.14925900101661682,0.9561650156974792,0,8.92685604095459,-5.876511096954346,0.08162300288677216,1,0.9986929893493652,0.04135899990797043,0.030021002516150475,0,-0.033427998423576355,0.9729899764060974,-0.22841300070285797,0,-0.03865700215101242,0.22711099684238434,0.973101019859314,0,0,41.070518493652344,0,1,0.9791100025177002,-0.044672999531030655,0.1983640044927597,0,-0.1474349945783615,0.5158439874649048,0.8439000248908997,0,-0.14002400636672974,-0.8555170297622681,0.49848198890686035,0,0,37.689430236816406,0,1,0.9963269829750061,-0.009895999915897846,0.08506099879741669,0,-0.0456710010766983,0.7788400053977966,0.625557005405426,0,-0.0724399983882904,-0.6271439790725708,0.7755270004272461,0,0,19.417316436767578,0,1,-0.9845029711723328,-0.03496899828314781,-0.17184500396251678,0,0.045788999646902084,-0.9971830248832703,-0.059411000460386276,0,-0.16928300261497498,-0.06635899841785431,0.983331024646759,0,-8.92685604095459,-5.876511096954346,0.1196030005812645,1,0.98505699634552,-0.02351599931716919,-0.17061400413513184,0,0.005871000234037638,0.994642972946167,-0.10319899022579193,0,0.17212699353694916,0.10065498948097229,0.9799190163612366,0,0,41.080894470214844,0,1,0.9763680100440979,-0.022228000685572624,-0.2149679958820343,0,0.20307999849319458,0.4345879852771759,0.877435028553009,0,0.07391899824142456,-0.9003549814224243,0.4288319945335388,0,0,37.718360900878906,0,1,0.9945799708366394,0.01561999972909689,-0.10279600322246552,0,0.054986998438835144,0.7600730061531067,0.6475070118904114,0,0.08824600279331207,-0.6496490240097046,0.7550950050354004,0,0,19.759946823120117,0,1
