1.167,30,35,65
B0,mixamorig9_Hips,-1,0.9979914426803589,0.046534065157175064,-0.041790250688791275,0,-0.048407454043626785,0.9978061318397522,-0.044872790575027466,0,0.03961501270532608,0.04676321893930435,0.9980820417404175,0,3.7585320472717285,93.76322174072266,4.969519138336182,1
B1,mixamorig9_Spine,0,0.9993064403533936,-0.025136340409517288,-0.024212073534727097,0,0.025407452136278152,0.999600887298584,0.010921400971710682,0,0.02392805926501751,-0.011596638709306717,0.9995796084403992,0,0,10.54699993133545,-1.004699945449829,1
B2,mixamorig9_Spine1,1,0.9999673962593079,-0.002003312110900879,-0.007047838997095823,0,0.002052763942629099,0.9999719858169556,0.007153808139264584,0,0.007033497095108032,-0.007170101627707481,0.9999436140060425,0,0,12.360600471496582,0,1
B3,mixamorig9_Spine2,2,0.9999673962593079,-0.002029470866546035,-0.007039875723421574,0,0.0020792277064174414,0.9999719858169556,0.007147942204028368,0,0.00702553428709507,-0.0071652354672551155,0.9999438524246216,0,0,14.126299858093262,0,1
B4,mixamorig9_Neck,3,0.9999679327011108,-0.0048263054341077805,0.006372467149049044,0,0.004347193520516157,0.9972987771034241,0.07331809401512146,0,-0.006708454806357622,-0.07328815013170242,0.9972878098487854,0,0,15.89210033416748,0,1
B5,mixamorig9_Head,4,0.9999672770500183,-0.004149607848376036,0.0068747843615710735,0,0.004297755192965269,0.9997581243515015,-0.021566949784755707,0,-0.006783357355743647,0.021595900878310204,0.9997431635856628,0,0,6.594299793243408,1.9848999977111816,1
B6,mixamorig9_HeadTop_End,5,1,0,0,0,0,1,0,0,0,0,1,0,0,22.577499389648438,6.796000003814697,1
B7,mixamorig9_LeftShoulder,3,0.0012499841395765543,0.025231564417481422,-0.9996805191040039,0,0.8141115307807922,-0.580547571182251,-0.013633937574923038,0,-0.5807064175605774,-0.8138347864151001,-0.0212661512196064,0,6.9145002365112305,14.070500373840332,-0.1800999939441681,1
B8,mixamorig9_LeftArm,7,0.9880222082138062,-0.019503016024827957,-0.14840629696846008,0,0.12792763113975525,0.6240235567092896,0.7699235677719116,0,0.07743417471647263,-0.7806543707847595,0.6200800538063049,0,0,14.45460033416748,0,1
B9,mixamorig9_LeftForeArm,8,0.9944213628768921,0.10513029992580414,0.005833243019878864,0,-0.10518143326044083,0.9943886995315552,0.00932272244244814,0,-0.004816317930817604,-0.009884282946586609,0.9999393224716187,0,0,27.3981990814209,0,1
B10,mixamorig9_LeftHand,9,0.9412329196929932,-0.057241711765527725,-0.3311043381690979,0,0.03261689096689224,0.9959064722061157,-0.0811222568154335,0,0.3342055380344391,0.06513623893260956,0.9395653605461121,0,0,21.339599609375,0,1
B11,mixamorig9_LeftHandThumb1,10,0.8919410109519958,0.43997499346733093,-0.10422399640083313,0,-0.41308000683784485,0.8866569995880127,0.20785699784755707,0,0.18386299908161163,-0.14234329760074615,0.972590982913971,0,-2.967600107192993,3.164400100708008,1.402500033378601,1
B12,mixamorig9_LeftHandThumb2,11,0.9612236618995667,-0.2628656029701233,-0.08336939662694931,0,0.2738468050956726,0.9454917311668396,0.17621667683124542,0,0.032503169029951096,-0.19221389293670654,0.9808146953582764,0,-0.652999997138977,3.5885000228881836,0,1
B13,mixamorig9_LeftHandThumb3,12,0.8077662587165833,0.5718216300010681,-0.14329497516155243,0,-0.5802024006843567,0.7281691431999207,-0.3648761510848999,0,-0.10430151224136353,0.3778745234012604,0.919963002204895,0,-0.02879999950528145,3.2458999156951904,0,1
B14,mixamorig9_LeftHandThumb4,13,1,0,0,0,0,1,0,0,0,0,1,0,0.6818000078201294,2.455699920654297,0,1
B15,mixamorig9_LeftHandIndex1,10,0.9970982074737549,0.07493137568235397,0.01328106690198183,0,-0.07424309849739075,0.9195154309272766,0.38594913482666016,0,0.016698123887181282,-0.3858174681663513,0.9224138259887695,0,-3.495300054550171,9.572199821472168,0.11500000208616257,1
B16,mixamorig9_LeftHandIndex2,15,0.9983201622962952,-0.05678093060851097,-0.011476532556116581,0,0.05668376013636589,0.9166505336761475,0.39561617374420166,0,-0.011946044862270355,-0.39560219645500183,0.9183303117752075,0,0.017799999564886093,3.4028000831604004,0,1
B17,mixamorig9_LeftHandIndex3,16,0.9998035430908203,-0.019686704501509666,-0.002253382233902812,0,0.019782045856118202,0.9851409196853638,0.1705179512500763,0,-0.0011404176475480199,-0.1705293357372284,0.9853370785713196,0,-0.011099999770522118,3.1398000717163086,0,1
B18,mixamorig9_LeftHandIndex4,17,1,0,0,0,0,1,0,0,0,0,1,0,-0.0066999997943639755,2.7435998916625977,0,1
B19,mixamorig9_LeftHandMiddle1,10,0.9996044039726257,-0.00998543482273817,-0.026252109557390213,0,0.022260291501879692,0.8516256213188171,0.523655891418457,0,0.017121169716119766,-0.524034321308136,0.8515132665634155,0,-1.0944000482559204,10.003399848937988,-0.1745000034570694,1
B20,mixamorig9_LeftHandMiddle2,19,0.9979892373085022,-0.06184636056423187,-0.013859058730304241,0,0.06179158017039299,0.9007854461669922,0.42981311678886414,0,-0.014101705513894558,-0.42980512976646423,0.9027965664863586,0,0.01889999955892563,3.466900110244751,0,1
B21,mixamorig9_LeftHandMiddle3,20,0.9995498657226562,-0.029564520344138145,-0.0050241160206496716,0,0.029826726764440536,0.9628053903579712,0.26849767565727234,0,-0.0031037121079862118,-0.2685270309448242,0.963254451751709,0,-0.014800000004470348,3.318700075149536,0,1
B22,mixamorig9_LeftHandMiddle4,21,1,0,0,0,0,1,0,0,0,0,1,0,-0.004100000020116568,2.9272000789642334,0,1
B23,mixamorig9_LeftHandRing1,10,0.9967367053031921,-0.06459389626979828,-0.04835110157728195,0,0.08049295097589493,0.8374601006507874,0.5405072569847107,0,0.005565875209867954,-0.5426380038261414,0.839931845664978,0,1.1504000425338745,10.18529987335205,-0.23170000314712524,1
B24,mixamorig9_LeftHandRing2,23,0.9964032173156738,-0.08010168373584747,-0.027632668614387512,0,0.08112258464097977,0.8076083660125732,0.5841064453125,0,-0.024472815915942192,-0.5842475891113281,0.8112021684646606,0,-0.004800000227987766,2.9142000675201416,0,1
B25,mixamorig9_LeftHandRing3,24,0.9998972415924072,-0.01428207941353321,-0.0007049558334983885,0,0.014151347801089287,0.9813375473022461,0.19166064262390137,0,-0.002050761366263032,-0.19165094196796417,0.9814396500587463,0,-0.011900000274181366,2.7513999938964844,0,1
B26,mixamorig9_LeftHandRing4,25,1,0,0,0,0,1,0,0,0,0,1,0,0.016699999570846558,2.2952001094818115,0,1
B27,mixamorig9_LeftHandPinky1,10,0.9994401335716248,-0.023245831951498985,-0.02396017126739025,0,0.0321609266102314,0.8628947138786316,0.5043072700500488,0,0.008935966528952122,-0.5047983527183533,0.8631637096405029,0,3.4393999576568604,9.136799812316895,-0.0006000000284984708,1
B28,mixamorig9_LeftHandPinky2,27,0.9982019066810608,-0.05854082852602005,-0.012850967235863209,0,0.05881628766655922,0.9155991077423096,0.39770013093948364,0,-0.011521966196596622,-0.3977409303188324,0.9173964858055115,0,0.002099999925121665,2.5701000690460205,0,1
B29,mixamorig9_LeftHandPinky3,28,0.999756395816803,-0.0218694768846035,-0.0027897406835108995,0,0.021825697273015976,0.963927149772644,0.2651744484901428,0,-0.003116301726549864,-0.26517078280448914,0.9641707539558411,0,-0.014499999582767487,2.322200059890747,0,1
B30,mixamorig9_LeftHandPinky4,29,1,0,0,0,0,1,0,0,0,0,1,0,0.012400000356137753,1.8158999681472778,0,1
B31,mixamorig9_RightShoulder,3,-0.04801557585597038,-0.02525210939347744,0.9985269904136658,0,-0.8495684862136841,-0.5246941447257996,-0.054122019559144974,0,0.5252885222434998,-0.8509158492088318,0.003740075509995222,0,-6.9145002365112305,14.069199562072754,-0.1670999974012375,1
B32,mixamorig9_RightArm,31,0.9928878545761108,-0.10739065706729889,0.0447937436401844,0,0.04139601066708565,0.6853870749473572,0.7265477776527405,0,-0.108602374792099,-0.7198858857154846,0.6854796409606934,0,0,14.45460033416748,0,1
B33,mixamorig9_RightForeArm,32,0.9791340827941895,-0.20298121869564056,-0.006731774192303419,0,0.20307138562202454,0.9789729714393616,0.017976319417357445,0,0.00293679884634912,-0.018968064337968826,0.9998156428337097,0,0,27.395599365234375,0,1
B34,mixamorig9_RightHand,33,0.9872514009475708,0.007887777872383595,0.15786398947238922,0,-0.012385164387524128,0.9994856715202332,0.026872409507632256,0,-0.15751804411411285,-0.028649965301156044,0.9869564771652222,0,0,21.32699966430664,0,1
B35,mixamorig9_RightHandThumb1,34,0.8663933277130127,-0.4992850124835968,-0.008742695674300194,0,0.4874129891395569,0.8417260050773621,0.2322186976671219,0,-0.10858400166034698,-0.20545369386672974,0.9726240038871765,0,2.966900110244751,3.065500020980835,1.3387000560760498,1
B36,mixamorig9_RightHandThumb2,35,0.9550520777702332,0.2876337468624115,0.07147207856178284,0,-0.28870895504951477,0.9573790431022644,0.005015295930206776,0,-0.06696557998657227,-0.025418654084205627,0.9974247813224792,0,0.6240000128746033,3.5220999717712402,0,1
B37,mixamorig9_RightHandThumb3,36,0.9041118621826172,-0.35439321398735046,0.23869429528713226,0,0.4080728590488434,0.8818031549453735,-0.2364063560962677,0,-0.12669439613819122,0.31114593148231506,0.9418697357177734,0,-0.17730000615119934,3.3596999645233154,0,1
B38,mixamorig9_RightHandThumb4,37,1,0,0,0,0,1,0,0,0,0,1,0,-0.44670000672340393,2.7945001125335693,0,1
B39,mixamorig9_RightHandIndex1,34,0.999302089214325,-0.0373225063085556,0.0014421192463487387,0,0.032331593334674835,0.8837154507637024,0.46690642833709717,0,-0.018700143322348595,-0.46653419733047485,0.8843056559562683,0,3.605600118637085,9.873800277709961,0.13199999928474426,1
B40,mixamorig9_RightHandIndex2,39,0.9960169792175293,0.08152791112661362,0.03610740602016449,0,-0.08077598363161087,0.6535540223121643,0.7525269985198975,0,0.03775833174586296,-0.7524461150169373,0.6575368046760559,0,-0.017500000074505806,3.2762999534606934,0,1
B41,mixamorig9_RightHandIndex3,40,0.9989218711853027,0.044806547462940216,0.012119254097342491,0,-0.04545745998620987,0.8915308117866516,0.4506722092628479,0,0.009388510137796402,-0.45073720812797546,0.8926069736480713,0,0.00860000029206276,3.084199905395508,0,1
B42,mixamorig9_RightHandIndex4,41,1,0,0,0,0,1,0,0,0,0,1,0,0.008899999782443047,2.6149001121520996,0,1
B43,mixamorig9_RightHandMiddle1,34,0.9988884329795837,0.028178634122014046,0.03776947408914566,0,-0.046087536960840225,0.751282811164856,0.6583554148674011,0,-0.009819759987294674,-0.6593648195266724,0.7517470717430115,0,1.0053999423980713,10.212300300598145,-0.30720001459121704,1
B44,mixamorig9_RightHandMiddle2,43,0.9963594675064087,0.078404001891613,0.033465418964624405,0,-0.07854331284761429,0.6917097568511963,0.7178875207901001,0,0.03313750401139259,-0.7179028391838074,0.6953502893447876,0,-0.011699999682605267,3.5343000888824463,0,1
B45,mixamorig9_RightHandMiddle3,44,0.9993574023246765,0.03495220094919205,0.007912997156381607,0,-0.03528802841901779,0.9212396144866943,0.3873863220214844,0,0.006250729318708181,-0.38741663098335266,0.9218818545341492,0,0.012400000356137753,3.217900037765503,0,1
B46,mixamorig9_RightHandMiddle4,45,1,0,0,0,0,1,0,0,0,0,1,0,-0.000699999975040555,2.8596999645233154,0,1
B47,mixamorig9_RightHandRing1,34,0.9925310015678406,0.08494593948125839,0.08754622936248779,0,-0.12193214148283005,0.6697497367858887,0.73248690366745,0,0.003594688605517149,-0.7376919984817505,0.67510586977005,0,-1.1857000589370728,10.210800170898438,-0.20229999721050262,1
B48,mixamorig9_RightHandRing2,47,0.9966606497764587,0.07577723264694214,0.03042961284518242,0,-0.07678872346878052,0.7429567575454712,0.6649126410484314,0,0.027777906507253647,-0.6650282740592957,0.746295154094696,0,0.00279999990016222,2.928999900817871,0,1
B49,mixamorig9_RightHandRing3,48,0.9991759061813354,0.03972315043210983,0.008330143056809902,0,-0.03947862610220909,0.9035428166389465,0.42666977643966675,0,0.009422277100384235,-0.42664676904678345,0.9043669104576111,0,0.009200000204145908,2.740799903869629,0,1
B50,mixamorig9_RightHandRing4,49,1,0,0,0,0,1,0,0,0,0,1,0,-0.012000000104308128,2.344099998474121,0,1
B51,mixamorig9_RightHandPinky1,34,0.9983165264129639,0.04268549010157585,0.039232488721609116,0,-0.05736572667956352,0.6295573711395264,0.7748233675956726,0,0.008381197229027748,-0.7757716178894043,0.630948543548584,0,-3.425299882888794,8.861900329589844,0.009100000374019146,1
B52,mixamorig9_RightHandPinky2,51,0.9958117008209229,0.08387358486652374,0.03638806566596031,0,-0.08409281075000763,0.6840828657150269,0.7245333790779114,0,0.03587784618139267,-0.7245593667030334,0.688271164894104,0,-0.01119999960064888,2.7890000343322754,0,1
B53,mixamorig9_RightHandPinky3,52,0.9983867406845093,0.05379333347082138,0.018178541213274002,0,-0.054754819720983505,0.8273001909255981,0.5590773820877075,0,0.015037226490676403,-0.5591710209846497,0.828910768032074,0,0.011599999852478504,2.355600118637085,0,1
B54,mixamorig9_RightHandPinky4,53,1,0,0,0,0,1,0,0,0,0,1,0,-0.00039999998989515007,2.0947999954223633,0,1
B55,mixamorig9_LeftUpLeg,0,-0.9907832145690918,0.13384923338890076,0.01771639846265316,0,-0.1264488697052002,-0.9642061591148376,0.22991733253002167,0,0.048143789172172546,0.2255902737379074,0.9722796082496643,0,8.926899909973145,-5.876500129699707,0.08160000294446945,1
B56,mixamorig9_LeftLeg,55,0.9992468357086182,-0.01160633098334074,0.0330570824444294,0,0.022153282538056374,0.9444817304611206,-0.3270999491214752,0,-0.027436569333076477,0.32757797837257385,0.9440301656723022,0,0,41.070499420166016,0,1
B57,mixamorig9_LeftFoot,56,0.9667741060256958,0.16460517048835754,0.19557778537273407,0,-0.24983491003513336,0.44645628333091736,0.8591556549072266,0,0.05410921201109886,-0.8794717788696289,0.4727473556995392,0,0,37.68939971923828,0,1
B58,mixamorig9_LeftToeBase,57,0.9975258111953735,-0.0008882624097168446,0.070283904671669,0,-0.03908125311136246,0.8241444826126099,0.565005898475647,0,-0.058425795286893845,-0.5663551688194275,0.8220711946487427,0,0,19.417299270629883,0,1
B59,mixamorig9_LeftToe_End,58,1,0,0,0,0,1,0,0,0,0,1,0,0,7.932300090789795,0,1
B60,mixamorig9_RightUpLeg,0,-0.9876260757446289,0.09709697961807251,-0.1226801648736,0,-0.10933614522218704,-0.9879571199417114,0.09851377457380295,0,-0.11214625835418701,0.1107763722538948,0.9864011406898499,0,-8.926899909973145,-5.876500129699707,0.11959999799728394,1
B61,mixamorig9_RightLeg,60,0.9962866306304932,-0.07812298834323883,-0.03586488217115402,0,0.011668615974485874,0.5362915992736816,-0.8439162373542786,0,0.08513636142015457,0.8403875827789307,0.5352222919464111,0,0,41.08089828491211,0,1
B62,mixamorig9_RightFoot,61,0.9821289777755737,-0.06939273327589035,-0.17485667765140533,0,0.18200260400772095,0.5866016745567322,0.7882181406021118,0,0.04786394163966179,-0.8059563636779785,0.5887492895126343,0,0,37.71839904785156,0,1
B63,mixamorig9_RightToeBase,62,0.9337565898895264,0.18841132521629333,-0.30236127972602844,0,0.2092691957950592,0.39952352643013,0.8917331695556641,0,0.2883002460002899,-0.8964218497276306,0.3334464728832245,0,0,19.759899139404297,0,1
B64,mixamorig9_RightToe_End,63,1,0,0,0,0,1,0,0,0,0,1,0,0,7.936999797821045,0,1
@52,0,1,2,3,4,5,7,8,9,10,11,12,13,15,16,17,19,20,21,23,24,25,27,28,29,31,32,33,34,35,36,37,39,40,41,43,44,45,47,48,49,51,52,53,55,56,57,58,60,61,62,63
K0.000,0.9983639717102051,0.011675000190734863,-0.0559689998626709,0,-0.014921999536454678,0.9982079863548279,-0.05794300138950348,0,0.0551920011639595,0.05868399888277054,0.996749997138977,0,-0.05687199905514717,95.73445129394531,-0.24438099563121796,1,0.9999610185623169,0.007017000112682581,-0.005439999978989363,0,-0.006976999808102846,0.9999499917030334,0.007207000162452459,0,0.005489999894052744,-0.0071680000983178616,0.9999589920043945,0,0,10.54699993133545,-1.004699945449829,1,0.9999899864196777,0.004213999956846237,-0.0012339999666437507,0,-0.00419999985024333,0.9999269843101501,0.011338000185787678,0,0.001281999982893467,-0.011332999914884567,0.99993497133255,0,0,12.360600471496582,0,1,0.9999899864196777,0.004211000166833401,-0.0011579999700188637,0,-0.004197999835014343,0.9999269843101501,0.011340999975800514,0,0.00120599998626858,-0.011335999704897404,0.99993497133255,0,0,14.126299858093262,0,1,0.9999719858169556,0.0006830000202171504,0.007393000181764364,0,-0.0012550000101327896,0.9969859719276428,0.07756900042295456,0,-0.007317999843508005,-0.07757599651813507,0.9969599843025208,0,0,15.89210033416748,0,1,0.9999719858169556,0.0014489999739453197,0.007311000023037195,0,-0.001322000054642558,0.9998490214347839,-0.017315000295639038,0,-0.007335000205785036,0.01730399951338768,0.9998229742050171,0,0,6.594299793243408,1.9848999977111816,1,0.015137000009417534,0.022366000339388847,-0.9996349811553955,0,0.8372700214385986,-0.5467900037765503,0.0004440000047907233,0,-0.5465800166130066,-0.8369709849357605,-0.027003999799489975,0,6.9145002365112305,14.070500373840332,-0.1800999939441681,1,0.9892650246620178,0.08409000188112259,-0.11951400339603424,0,0.03301500156521797,0.6680920124053955,0.7433459758758545,0,0.14235399663448334,-0.7393119931221008,0.6581439971923828,0,0,14.45460033416748,0,1,0.9896379709243774,0.14344599843025208,0.006256999913603067,0,-0.14351600408554077,0.9895660281181335,0.012719999998807907,0,-0.0043669999577105045,-0.013485999777913094,0.9998999834060669,0,0,27.3981990814209,0,1,0.9703860282897949,-0.039872001856565475,-0.23824700713157654,0,0.022877000272274017,0.9970200061798096,-0.07367900013923645,0,0.24047499895095825,0.06604599952697754,0.9684060215950012,0,0,21.339599609375,0,1,0.8919410109519958,0.43997499346733093,-0.10422399640083313,0,-0.41308000683784485,0.8866569995880127,0.20785699784755707,0,0.18386299908161163,-0.14234299957752228,0.972590982913971,0,-2.967600107192993,3.164400100708008,1.402500033378601,1,0.9629189968109131,-0.2560279965400696,-0.0850680023431778,0,0.26733699440956116,0.9479169845581055,0.17316000163555145,0,0.036302998661994934,-0.1894810050725937,0.9812129735946655,0,-0.652999997138977,3.5885000228881836,0,1,0.8080819845199585,0.5719360113143921,-0.14104300737380981,0,-0.5795320272445679,0.7289599776268005,-0.36436399817466736,0,-0.1055779978632927,0.3761749863624573,0.9205139875411987,0,-0.02879999950528145,3.2458999156951904,0,1,0.9976860284805298,0.06620100140571594,0.015476999804377556,0,-0.0657309964299202,0.8811290264129639,0.46828600764274597,0,0.017364000901579857,-0.4682199954986572,0.8834409713745117,0,-3.495300054550171,9.572199821472168,0.11500000208616257,1,0.9975590109825134,-0.06766799837350845,-0.01724199950695038,0,0.06750500202178955,0.8712980151176453,0.48608899116516113,0,-0.017869999632239342,-0.4860660135746002,0.8737390041351318,0,0.017799999564886093,3.4028000831604004,0,1,0.9994180202484131,-0.033615000545978546,-0.005812999792397022,0,0.03387700021266937,0.9578850269317627,0.2851470112800598,0,-0.004017000086605549,-0.285178005695343,0.9584659934043884,0,-0.011099999770522118,3.1398000717163086,0,1,0.9996510148048401,-0.0075530000030994415,-0.025312000885605812,0,0.021191999316215515,0.8013719916343689,0.5977910161018372,0,0.015768999233841896,-0.5981190204620361,0.801252007484436,0,-1.0944000482559204,10.003399848937988,-0.1745000034570694,1,0.9972000122070312,-0.07209499925374985,-0.019874000921845436,0,0.07200200110673904,0.8537780046463013,0.5156350135803223,0,-0.02020600065588951,-0.5156220197677612,0.85657799243927,0,0.01889999955892563,3.466900110244751,0,1,0.9991869926452637,-0.03943699970841408,-0.008364000357687473,0,0.0398700013756752,0.935929000377655,0.3499239981174469,0,-0.0059710000641644,-0.34997299313545227,0.9367409944534302,0,-0.014800000004470348,3.318700075149536,0,1,0.9949460029602051,-0.07682699710130692,-0.06465599685907364,0,0.10032700002193451,0.7871990203857422,0.6084840297698975,0,0.004149000160396099,-0.6118950247764587,0.7909280061721802,0,1.1504000425338745,10.18529987335205,-0.23170000314712524,1,0.995373010635376,-0.08930499851703644,-0.03544799983501434,0,0.09064800292253494,0.7505069971084595,0.6546159982681274,0,-0.031856998801231384,-0.6547999978065491,0.7551299929618835,0,-0.004800000227987766,2.9142000675201416,0,1,0.9996830224990845,-0.025050999596714973,-0.002655999967828393,0,0.024833999574184418,0.962315022945404,0.27080199122428894,0,-0.004228000063449144,-0.2707819938659668,0.9626309871673584,0,-0.011900000274181366,2.7513999938964844,0,1,0.9990860223770142,-0.03138099983334541,-0.0290290005505085,0,0.04233299940824509,0.8207280039787292,0.5697479844093323,0,0.0059460001066327095,-0.5704560279846191,0.8213070034980774,0,3.4393999576568604,9.136799812316895,-0.0006000000284984708,1,0.9974979758262634,-0.06831900030374527,-0.01819399930536747,0,0.06876300275325775,0.8776900172233582,0.4742699861526489,0,-0.016433000564575195,-0.4743340015411377,0.88019198179245,0,0.002099999925121665,2.5701000690460205,0,1,0.9994940161705017,-0.03138599917292595,-0.0052559999749064445,0,0.03132199868559837,0.9410849809646606,0.33671700954437256,0,-0.005621999967843294,-0.33671098947525024,0.9415910243988037,0,-0.014499999582767487,2.322200059890747,0,1,-0.04603800177574158,-0.02580600045621395,0.9986060261726379,0,-0.8446130156517029,-0.5327759981155396,-0.0527070015668869,0,0.5333939790725708,-0.8458629846572876,0.002732000080868602,0,-6.9145002365112305,14.069199562072754,-0.1670999974012375,1,0.9959160089492798,-0.07940000295639038,0.04298299923539162,0,0.022359000518918037,0.6781290173530579,0.7346019744873047,0,-0.08747600018978119,-0.7306410074234009,0.6771349906921387,0,0,14.45460033416748,0,1,0.9641039967536926,-0.26540398597717285,-0.008062000386416912,0,0.2655220031738281,0.9638180136680603,0.02350500039756298,0,0.0015320000238716602,-0.02480199933052063,0.9996910095214844,0,0,27.395599365234375,0,1,0.9978340268135071,0.0006360000115819275,0.06577599793672562,0,0.001905999961309135,0.9992539882659912,-0.03856800124049187,0,-0.06575199961662292,0.03861000016331673,0.9970890283584595,0,0,21.32699966430664,0,1,0.8663939833641052,-0.4992850124835968,-0.008741999976336956,0,0.4874129891395569,0.8417260050773621,0.23221799731254578,0,-0.10858500003814697,-0.20545299351215363,0.9726240038871765,0,2.966900110244751,3.065500020980835,1.3387000560760498,1,0.9387239813804626,0.3371640145778656,0.0715399980545044,0,-0.34006598591804504,0.9398260116577148,0.032880999147892,0,-0.05614899843931198,-0.05519400164484978,0.9968960285186768,0,0.6240000128746033,3.5220999717712402,0,1,0.9178299903869629,-0.34474700689315796,0.19681699573993683,0,0.3823859989643097,0.9009580016136169,-0.2050749957561493,0,-0.10662499815225601,0.26348400115966797,0.9587529897689819,0,-0.17730000615119934,3.3596999645233154,0,1,0.9983720183372498,-0.05652900040149689,-0.00762399984523654,0,0.05555899813771248,0.9334310293197632,0.3544279932975769,0,-0.01291900034993887,-0.3542749881744385,0.9350519776344299,0,3.605600118637085,9.873800277709961,0.13199999928474426,1,0.9970549941062927,0.07209700345993042,0.026120999827980995,0,-0.07158000022172928,0.7528579831123352,0.6542789936065674,0,0.02750599943101406,-0.6542220115661621,0.7558019757270813,0,-0.017500000074505806,3.2762999534606934,0,1,0.9994760155677795,0.031787000596523285,0.006151000037789345,0,-0.03209700062870979,0.9478560090065002,0.31707900762557983,0,0.0042489999905228615,-0.31711000204086304,0.9483789801597595,0,0.00860000029206276,3.084199905395508,0,1,0.9997259974479675,0.010173000395298004,0.02106500044465065,0,-0.020097000524401665,0.8343409895896912,0.5508819818496704,0,-0.011970999650657177,-0.5511549711227417,0.8343170285224915,0,1.0053999423980713,10.212300300598145,-0.30720001459121704,1,0.9973800182342529,0.06835199892520905,0.02367600053548813,0,-0.06844399869441986,0.78581702709198,0.6146600246429443,0,0.02340799942612648,-0.6146699786186218,0.788437008857727,0,-0.011699999682605267,3.5343000888824463,0,1,0.9997689723968506,0.02124200016260147,0.0033130000811070204,0,-0.021392999216914177,0.9676390290260315,0.2514289915561676,0,0.0021349999587982893,-0.25144198536872864,0.9678699970245361,0,0.012400000356137753,3.217900037765503,0,1,0.9960870146751404,0.06817799806594849,0.05623999983072281,0,-0.08838099986314774,0.7698990106582642,0.6320160031318665,0,-0.0002099999983329326,-0.6345130205154419,0.7729120254516602,0,-1.1857000589370728,10.210800170898438,-0.20229999721050262,1,0.9977589845657349,0.06370499730110168,0.020476000383496284,0,-0.06436000019311905,0.8298919796943665,0.5541989803314209,0,0.0183119997382164,-0.5542749762535095,0.8321319818496704,0,0.00279999990016222,2.928999900817871,0,1,0.999692976474762,0.024567000567913055,0.0032430000137537718,0,-0.024436000734567642,0.9556490182876587,0.29349300265312195,0,0.004110999871045351,-0.2934820055961609,0.955955982208252,0,0.009200000204145908,2.740799903869629,0,1,0.9998409748077393,0.009583000093698502,0.015065000392496586,0,-0.017263000831007957,0.7342579960823059,0.678650975227356,0,-0.004557999782264233,-0.678803026676178,0.7343059778213501,0,-3.425299882888794,8.861900329589844,0.009100000374019146,1,0.9969900250434875,0.07317499816417694,0.02562600001692772,0,-0.07331600040197372,0.7822610139846802,0.6186220049858093,0,0.02522199973464012,-0.6186379790306091,0.7852709889411926,0,-0.01119999960064888,2.7890000343322754,0,1,0.999098002910614,0.041046999394893646,0.010840999893844128,0,-0.041645001620054245,0.8979219794273376,0.4381810128688812,0,0.00825200043618679,-0.4382370114326477,0.8988209962844849,0,0.011599999852478504,2.355600118637085,0,1,-0.997838020324707,-0.0005189999938011169,0.06572099775075912,0,0.025568999350070953,-0.9242550134658813,0.3809179961681366,0,0.060545001178979874,0.38177400827407837,0.9222699999809265,0,8.926899909973145,-5.876500129699707,0.08160000294446945,1,0.9989320039749146,0.011974000371992588,0.04463199898600578,0,0.02958199940621853,0.5762900114059448,-0.8167099952697754,0,-0.03550000116229057,0.8171579837799072,0.5753200054168701,0,0,41.070499420166016,0,1,0.9805690050125122,0.022373000159859657,0.19489499926567078,0,-0.1811710000038147,0.48432600498199463,0.8559240102767944,0,-0.07524300366640091,-0.8746010065078735,0.4789679944515228,0,0,37.68939971923828,0,1,0.9976860284805298,-0.0005680000176653266,0.0679830014705658,0,-0.045857999473810196,0.7326070070266724,0.6791049838066101,0,-0.0501910001039505,-0.6806520223617554,0.7308859825134277,0,0,19.417299270629883,0,1,-0.9866799712181091,-0.0011500000255182385,-0.16266700625419617,0,0.006895000115036964,-0.9993720054626465,-0.034756001085042953,0,-0.1625249981880188,-0.03541399911046028,0.9860690236091614,0,-8.926899909973145,-5.876500129699707,0.11959999799728394,1,0.9966400265693665,0.06782100349664688,-0.045917998999357224,0,-0.07450900226831436,0.983564019203186,-0.16446900367736816,0,0.034008998423814774,0.16733799874782562,0.9853129982948303,0,0,41.08089828491211,0,1,0.9699100255966187,-0.1301410049200058,-0.20576100051403046,0,0.23958100378513336,0.35986799001693726,0.901718020439148,0,-0.04330400004982948,-0.923882007598877,0.3802190124988556,0,0,37.71839904785156,0,1,0.9959440231323242,0.0063760001212358475,-0.08974999934434891,0,0.048271000385284424,0.8039219975471497,0.5927720069885254,0,0.07593200355768204,-0.5946999788284302,0.80035400390625,0,0,19.759899139404297,0,1
K0.033,0.9989879727363586,0.025894084945321083,-0.03676779568195343,0,-0.02743307687342167,0.9987409710884094,-0.04199186712503433,0,0.03563379868865013,0.042957860976457596,0.9984409809112549,0,-0.06644529849290848,95.67351531982422,-0.43315768241882324,1,0.9996050000190735,-0.007848091423511505,-0.026972182095050812,0,0.007848089560866356,0.9999690055847168,-0.0000910454400582239,0,0.026972182095050812,-0.00012096006685169414,0.9996359944343567,0,0,10.54699993133545,-1.004699945449829,1,0.9999690055847168,0.0022529875859618187,-0.007505052722990513,0,-0.0021709869615733624,0.9999380111694336,0.010950999334454536,0,0.007529052440077066,-0.010934999212622643,0.9999120235443115,0,0,12.360600471496582,0,1,0.999970018863678,0.0022099872585386038,-0.007437052670866251,0,-0.002128986641764641,0.9999380111694336,0.010967998765408993,0,0.0074610523879528046,-0.010951998643577099,0.9999120235443115,0,0,14.126299858093262,0,1,0.9999629855155945,0.0001869921397883445,0.00858200341463089,0,-0.0008469923632219434,0.9970340132713318,0.07696198672056198,0,-0.008543004281818867,-0.07696598768234253,0.9969969987869263,0,0,15.89210033416748,0,1,0.9999629855155945,0.0010349922813475132,0.008560004644095898,0,-0.0008809921564534307,0.9998390078544617,-0.017915014177560806,0,-0.008578004315495491,0.01790701411664486,0.9998030066490173,0,0,6.594299793243408,1.9848999977111816,1,0.004000878892838955,0.02329801209270954,-0.9997209906578064,0,0.8371930122375488,-0.5468260049819946,-0.009392107836902142,0,-0.546891987323761,-0.8369219899177551,-0.021692942827939987,0,6.9145002365112305,14.070500373840332,-0.1800999939441681,1,0.9857909679412842,0.03743642196059227,-0.16375137865543365,0,0.09954267740249634,0.6550438404083252,0.7490050196647644,0,0.1353037804365158,-0.7546631097793579,0.6420098543167114,0,0,14.45460033416748,0,1,0.9903720021247864,0.13829194009304047,0.006191999185830355,0,-0.138359934091568,0.99030601978302,0.012263995595276356,0,-0.004436000715941191,-0.013001994229853153,0.9999060034751892,0,0,27.3981990814209,0,1,0.9533568024635315,-0.05818907916545868,-0.29618343710899353,0,0.041259054094552994,0.9971539974212646,-0.06309901177883148,0,0.2990114390850067,0.047934964299201965,0.9530448317527771,0,0,21.339599609375,0,1,0.8919410109519958,0.43997499346733093,-0.10422399640083313,0,-0.41308000683784485,0.8866569995880127,0.20785799622535706,0,0.18386299908161163,-0.14234399795532227,0.972590982913971,0,-2.967600107192993,3.164400100708008,1.402500033378601,1,0.9623879790306091,-0.25819602608680725,-0.08452599495649338,0,0.26940304040908813,0.9471560120582581,0.17411701381206512,0,0.03510298579931259,-0.19034001231193542,0.9810910224914551,0,-0.652999997138977,3.5885000228881836,0,1,0.8047590255737305,0.575160026550293,-0.14681103825569153,0,-0.58377605676651,0.7220369577407837,-0.37130704522132874,0,-0.10755801200866699,0.3845170736312866,0.9168299436569214,0,-0.02879999950528145,3.2458999156951904,0,1,0.9979649782180786,0.0622449591755867,0.013825979083776474,0,-0.06098894774913788,0.8685968518257141,0.4917522370815277,0,0.018600011244416237,-0.49159523844718933,0.8706248998641968,0,-3.495300054550171,9.572199821472168,0.11500000208616257,1,0.9973919987678528,-0.0697600245475769,-0.01851901225745678,0,0.0695820227265358,0.8611788749694824,0.5035161972045898,0,-0.019177012145519257,-0.5034911632537842,0.8637868762016296,0,0.017799999564886093,3.4028000831604004,0,1,0.9993450045585632,-0.03559202328324318,-0.006464007776230574,0,0.03588502109050751,0.9528089165687561,0.3014431893825531,0,-0.004570006392896175,-0.3014771640300751,0.9534619450569153,0,-0.011099999770522118,3.1398000717163086,0,1,0.9996200203895569,-0.008671009913086891,-0.02615300752222538,0,0.022894015535712242,0.7895038723945618,0.6133182048797607,0,0.015329995192587376,-0.6136841773986816,0.7894029021263123,0,-1.0944000482559204,10.003399848937988,-0.1745000034570694,1,0.9970409870147705,-0.07391701638698578,-0.021092012524604797,0,0.07381701469421387,0.8441848754882812,0.5309451818466187,0,-0.021441012620925903,-0.5309311747550964,0.8471438884735107,0,0.01889999955892563,3.466900110244751,0,1,0.9990900158882141,-0.041639022529125214,-0.009242009371519089,0,0.04211602360010147,0.9288329482078552,0.368097186088562,0,-0.006743008270859718,-0.3681511878967285,0.9297419190406799,0,-0.014800000004470348,3.318700075149536,0,1,0.9946510195732117,-0.07802201807498932,-0.06769303977489471,0,0.1032310351729393,0.7737758755683899,0.6249911785125732,0,0.0036159944720566273,-0.6286351680755615,0.7776919007301331,0,1.1504000425338745,10.18529987335205,-0.23170000314712524,1,0.995182991027832,-0.0908300131559372,-0.03689001500606537,0,0.09223201125860214,0.7399278879165649,0.6663331389427185,0,-0.033227015286684036,-0.6665261387825012,0.744740903377533,0,-0.004800000227987766,2.9142000675201416,0,1,0.9996219873428345,-0.02732202410697937,-0.003185005858540535,0,0.027084024623036385,0.9574159383773804,0.28743916749954224,0,-0.004804006312042475,-0.2874161899089813,0.9577939510345459,0,-0.011900000274181366,2.7513999938964844,0,1,0.9989879727363586,-0.03313601762056351,-0.030408015474677086,0,0.04467402398586273,0.809087872505188,0.5859871506690979,0,0.005184992216527462,-0.58675217628479,0.8097499012947083,0,3.4393999576568604,9.136799812316895,-0.0006000000284984708,1,0.9973809719085693,-0.06975901126861572,-0.019076010212302208,0,0.07023301720619202,0.8713639378547668,0.4855841100215912,0,-0.01725100912153721,-0.4856521189212799,0.8739819526672363,0,0.002099999925121665,2.5701000690460205,0,1,0.999422013759613,-0.03348202258348465,-0.005904006771743298,0,0.03341302275657654,0.9352419376373291,0.352428138256073,0,-0.006278006825596094,-0.35242214798927307,0.9358199238777161,0,-0.014499999582767487,2.322200059890747,0,1,-0.041792940348386765,-0.025182992219924927,0.9988089799880981,0,-0.8471199870109558,-0.5291569232940674,-0.04878794401884079,0,0.5297559499740601,-0.8481500148773193,0.0007819722522981465,0,-6.9145002365112305,14.069199562072754,-0.1670999974012375,1,0.9890198707580566,-0.14475160837173462,0.02979089878499508,0,0.07820452004671097,0.6836650371551514,0.7255938649177551,0,-0.12539733946323395,-0.7152968049049377,0.6874781250953674,0,0,14.45460033416748,0,1,0.946996808052063,-0.32109954953193665,-0.009577017277479172,0,0.3212425410747528,0.9465698003768921,0.028437048196792603,0,-0.00006601914355996996,-0.030006052926182747,0.9995499849319458,0,0,27.395599365234375,0,1,0.9990479946136475,-0.0371953509747982,0.022779813036322594,0,0.037884343415498734,0.9988139867782593,-0.03058304637670517,0,-0.02161480113863945,0.03141704201698303,0.9992730021476746,0,0,21.32699966430664,0,1,0.8663939833641052,-0.4992850124835968,-0.008741999976336956,0,0.4874129891395569,0.8417260050773621,0.23221799731254578,0,-0.10858400166034698,-0.2054540067911148,0.9726240038871765,0,2.966900110244751,3.065500020980835,1.3387000560760498,1,0.938431978225708,0.3379770517349243,0.0715389996767044,0,-0.3409070670604706,0.9395040273666382,0.033374037593603134,0,-0.05593198537826538,-0.05570803955197334,0.996878981590271,0,0.6240000128746033,3.5220999717712402,0,1,0.9160089492797852,-0.3470960557460785,0.2011260688304901,0,0.3862210512161255,0.898591935634613,-0.20824503898620605,0,-0.1084500253200531,0.268434077501297,0.9571740031242371,0,-0.17730000615119934,3.3596999645233154,0,1,0.9982370138168335,-0.058779019862413406,-0.008301004767417908,0,0.05793201923370361,0.9341049790382385,0.35226699709892273,0,-0.012952001765370369,-0.35212698578834534,0.9358630180358887,0,3.605600118637085,9.873800277709961,0.13199999928474426,1,0.9970430135726929,0.07222799956798553,0.026242002844810486,0,-0.07170899957418442,0.7516599297523499,0.6556410789489746,0,0.0276310034096241,-0.6555840373039246,0.754616916179657,0,-0.017500000074505806,3.2762999534606934,0,1,0.9994750022888184,0.03181200474500656,0.006160001736134291,0,-0.03212200477719307,0.9477720260620117,0.31732606887817383,0,0.004256001207977533,-0.31735706329345703,0.9482970237731934,0,0.00860000029206276,3.084199905395508,0,1,0.9997889995574951,0.007313973270356655,0.019178982824087143,0,-0.016681969165802002,0.8339719176292419,0.5515540838241577,0,-0.011959998868405819,-0.5517580509185791,0.8339189291000366,0,1.0053999423980713,10.212300300598145,-0.30720001459121704,1,0.9973589777946472,0.06859499961137772,0.023883003741502762,0,-0.06868799775838852,0.783843994140625,0.6171470880508423,0,0.02361300401389599,-0.6171570420265198,0.7864850163459778,0,-0.011699999682605267,3.5343000888824463,0,1,0.9997659921646118,0.02138100564479828,0.0033490012865513563,0,-0.021533004939556122,0.9672769904136658,0.25280705094337463,0,0.0021660011261701584,-0.25282004475593567,0.967510998249054,0,0.012400000356137753,3.217900037765503,0,1,0.9962810277938843,0.06640397012233734,0.054898977279663086,0,-0.08615896105766296,0.7690209746360779,0.6333900690078735,0,-0.00015899892605375499,-0.635765016078949,0.7718830108642578,0,-1.1857000589370728,10.210800170898438,-0.20229999721050262,1,0.997734010219574,0.06401300430297852,0.0206960029900074,0,-0.06467600911855698,0.8279829621315002,0.5570120811462402,0,0.01852000318467617,-0.5570880770683289,0.8302469253540039,0,0.00279999990016222,2.928999900817871,0,1,0.999688982963562,0.02473500370979309,0.0032870012801140547,0,-0.02460300363600254,0.955187976360321,0.29497402906417847,0,0.004157001618295908,-0.2949630320072174,0.9555000066757202,0,0.009200000204145908,2.740799903869629,0,1,0.999888002872467,0.007377978414297104,0.013011978939175606,0,-0.014254970476031303,0.7335699200630188,0.6794650554656982,0,-0.004532997962087393,-0.6795740723609924,0.7335929274559021,0,-3.425299882888794,8.861900329589844,0.009100000374019146,1,0.9969859719276428,0.07321199774742126,0.025658002123236656,0,-0.07335200160741806,0.7819759845733643,0.6189770102500916,0,0.02525300160050392,-0.6189929842948914,0.7849900126457214,0,-0.01119999960064888,2.7890000343322754,0,1,0.9990890026092529,0.04125700518488884,0.010943002067506313,0,-0.041860003024339676,0.8969359993934631,0.44017404317855835,0,0.008345002308487892,-0.4402310252189636,0.897845983505249,0,0.011599999852478504,2.355600118637085,0,1,-0.9977369904518127,0.02447013556957245,0.06262802332639694,0,0.004924902226775885,-0.9023318886756897,0.43101420998573303,0,0.06705807149410248,0.43034717440605164,0.9001688957214355,0,8.926899909973145,-5.876500129699707,0.08160000294446945,1,0.995915949344635,0.025318097323179245,0.08666469901800156,0,0.0436251163482666,0.7054583430290222,-0.7074072957038879,0,-0.07904871553182602,0.7082992792129517,0.7014722228050232,0,0,41.070499420166016,0,1,0.9805099964141846,0.022769134491682053,0.19514599442481995,0,-0.18246805667877197,0.4737910330295563,0.8615260124206543,0,-0.07284288853406906,-0.8803430199623108,0.4687110185623169,0,0,37.68939971923828,0,1,0.9974380135536194,-0.0015809949254617095,0.07152199000120163,0,-0.039577994495630264,0.8206179738044739,0.5701039433479309,0,-0.05959399417042732,-0.5714739561080933,0.8184530138969421,0,0,19.417299270629883,0,1,-0.985601007938385,0.01477013248950243,-0.16843906044960022,0,-0.004826079588383436,-0.9982290267944336,-0.0592912882566452,0,-0.16901607811450958,-0.057624269276857376,0.9839269518852234,0,-8.926899909973145,-5.876500129699707,0.11959999799728394,1,0.9974420070648193,0.06713101267814636,-0.024543803185224533,0,-0.0706469714641571,0.9781039357185364,-0.19575931131839752,0,0.010864782147109509,0.19699229300022125,0.9803449511528015,0,0,41.08089828491211,0,1,0.9680979251861572,-0.13164609670639038,-0.21320509910583496,0,0.2437700778245926,0.2978832423686981,0.922953188419342,0,-0.057993244379758835,-0.9454811811447144,0.32047131657600403,0,0,37.71839904785156,0,1,0.995639979839325,0.008479065261781216,-0.09289509057998657,0,0.04978104680776596,0.7939037084579468,0.6060023307800293,0,0.07888808101415634,-0.6079843640327454,0.790019690990448,0,0,19.759899139404297,0,1
