3.833,30,114,65
B0,mixamorig_Hips,-1,0.9086300134658813,-0.2592950761318207,0.32729870080947876,0,0.3604755997657776,0.8827120065689087,-0.30143511295318604,0,-0.21074901521205902,0.39189642667770386,0.895534336566925,0,16.526321411132812,86.04448699951172,8.94432544708252,1
B1,mixamorig_Spine,0,0.9961642026901245,-0.08279941976070404,-0.027210745960474014,0,0.08721061050891876,0.9543818831443787,0.28529784083366394,0,0.0023172341752797365,-0.2865922451019287,0.957943320274353,0,0,10.058799743652344,-0.3582000136375427,1
B2,mixamorig_Spine1,1,0.9996271729469299,0.027137484401464462,0.001486924127675593,0,-0.027142154052853584,0.9996200203895569,-0.002279614796862006,0,-0.001553768408484757,0.0022406692150980234,0.9999865293502808,0,0,11.742799758911133,0,1
B3,mixamorig_Spine2,2,0.9996281862258911,0.027130290865898132,-0.0005696046864613891,0,-0.027140330523252487,0.9996203184127808,-0.0022404452320188284,0,0.0005030598840676248,0.0022574688773602247,0.9999867081642151,0,0,13.420299530029297,0,1
B4,mixamorig_Neck,3,0.9961795806884766,0.0861581563949585,-0.013319839723408222,0,-0.07991973310709,0.9635897278785706,0.255077600479126,0,0.03479267656803131,-0.2530559301376343,0.966812789440155,0,0,15.097800254821777,0,1
B5,mixamorig_Head,4,0.9462908506393433,0.30312806367874146,-0.11224174499511719,0,-0.3102663457393646,0.9491706490516663,-0.05264710634946823,0,0.09059035778045654,0.08467277139425278,0.9922547936439514,0,0,8.085599899291992,2.6877999305725098,1
B6,mixamorig_HeadTop_End,5,1,0,0,0,0,1,0,0,0,0,1,0,0,21.49920082092285,7.146699905395508,1
B7,mixamorig_LeftShoulder,3,0.20578163862228394,0.022024355828762054,-0.9783304929733276,0,0.9572759866714478,-0.2120010256767273,0.19658108055591583,0,-0.20307323336601257,-0.9770210981369019,-0.06470800191164017,0,5.949100017547607,13.247699737548828,-0.06449999660253525,1
B8,mixamorig_LeftArm,7,0.2696930468082428,0.9152284264564514,0.299212247133255,0,-0.9627365469932556,0.25901466608047485,0.07478997111320496,0,-0.009060907177627087,-0.3082443177700043,0.9509748220443726,0,0,12.472200393676758,0,1
B9,mixamorig_LeftForeArm,8,0.8975797295570374,0.440670371055603,0.009770144708454609,0,-0.44074565172195435,0.8975633978843689,0.007686421740800142,0,-0.005381031893193722,-0.011205433867871761,0.9999229311943054,0,0,23.814899444580078,0,1
B10,mixamorig_LeftHand,9,0.7779784202575684,-0.12877491116523743,-0.614865779876709,0,0.3217582404613495,0.9223005175590515,0.21400801837444305,0,0.5395418405532837,-0.364380419254303,0.7589606046676636,0,0,24.556299209594727,0,1
B11,mixamorig_LeftHandThumb1,10,0.7591400146484375,0.17931723594665527,-0.6257410049438477,0,0.10946699976921082,0.9124460220336914,0.3942820131778717,0,0.6416569948196411,-0.36781376600265503,0.6730449795722961,0,-2.8320000171661377,2.535900115966797,1.1780999898910522,1
B12,mixamorig_LeftHandThumb2,11,0.6621299982070923,-0.7479760050773621,0.04599500074982643,0,0.6579089760780334,0.6095920205116272,0.4422140121459961,0,-0.35880398750305176,-0.2625429928302765,0.8957290053367615,0,-0.652400016784668,3.116300106048584,0,1
B13,mixamorig_LeftHandThumb3,12,0.9316350221633911,-0.31797924637794495,0.175913006067276,0,0.29409924149513245,0.9440917372703552,0.14898599684238434,0,-0.21345199644565582,-0.0870639979839325,0.973065972328186,0,0.14300000667572021,3.0560998916625977,0,1
B14,mixamorig_LeftHandThumb4,13,1,0,0,0,0,1,0,0,0,0,1,0,0.5092999935150146,2.3287999629974365,0,1
B15,mixamorig_LeftHandIndex1,10,0.9900979995727539,-0.024452999234199524,-0.13823199272155762,0,0.13482800126075745,-0.10851199924945831,0.9849100112915039,0,-0.039083000272512436,-0.9937940239906311,-0.10413999855518341,0,-3.3362998962402344,8.315799713134766,0.10199999809265137,1
B16,mixamorig_LeftHandIndex2,15,0.980368971824646,-0.12998700141906738,-0.14825500547885895,0,0.1272590011358261,-0.15717299282550812,0.9793369770050049,0,-0.15060299634933472,-0.9789789915084839,-0.13754576444625854,0,0.012799999676644802,3.0457000732421875,0,1
B17,mixamorig_LeftHandIndex3,16,0.9941049814224243,-0.09778423607349396,-0.046842001378536224,0,0.09939523041248322,0.6492779850959778,0.7540289759635925,0,-0.04331900179386139,-0.754239022731781,0.6551690101623535,0,-0.0044999998062849045,2.8066999912261963,0,1
B18,mixamorig_LeftHandIndex4,17,1,0,0,0,0,1,0,0,0,0,1,0,-0.008200000040233135,2.4400999546051025,0,1
B19,mixamorig_LeftHandMiddle1,10,0.9899280071258545,-0.0240860003978014,-0.139505997300148,0,0.13614223897457123,-0.10826723277568817,0.9847549796104431,0,-0.038823001086711884,-0.9938300251960754,-0.10389800369739532,0,-0.9020000100135803,8.435600280761719,-0.14149999618530273,1
B20,mixamorig_LeftHandMiddle2,19,0.9805529713630676,-0.12851299345493317,-0.14832699298858643,0,0.1275169998407364,-0.1573130041360855,0.9792810082435608,0,-0.14918400347232819,-0.9791510105133057,-0.13786600530147552,0,0.009100000374019146,3.1935999393463135,0,1
B21,mixamorig_LeftHandMiddle3,20,0.9943580031394958,-0.09591023623943329,-0.04531700164079666,0,0.09701800346374512,0.649511992931366,0.7541362643241882,0,-0.04289599880576134,-0.7542780041694641,0.6551520228385925,0,-0.005799999926239252,3.085200071334839,0,1
B22,mixamorig_LeftHandMiddle4,21,1,0,0,0,0,1,0,0,0,0,1,0,-0.0032999999821186066,2.6928999423980713,0,1
B23,mixamorig_LeftHandRing1,10,0.9894790053367615,-0.027835000306367874,-0.14197200536727905,0,0.13819299638271332,-0.1085909977555275,0.9844340085983276,0,-0.04281900078058243,-0.9936969876289368,-0.10360199958086014,0,1.1324000358581543,8.436699867248535,-0.2071000039577484,1
B24,mixamorig_LeftHandRing2,23,0.9795849919319153,-0.13064099848270416,-0.15279600024223328,0,0.1317649930715561,-0.1567859947681427,0.9788032174110413,0,-0.15182800590991974,-0.978954017162323,-0.13637100160121918,0,0.002199999988079071,2.740799903869629,0,1
B25,mixamorig_LeftHandRing3,24,0.9942319989204407,-0.09742099791765213,-0.04484599828720093,0,0.09767023473978043,0.6497640013694763,0.7538350224494934,0,-0.04430000111460686,-0.753866970539093,0.6555320024490356,0,-0.005200000014156103,2.7576000690460205,0,1
B26,mixamorig_LeftHandRing4,25,1,0,0,0,0,1,0,0,0,0,1,0,0.003000000026077032,2.2850000858306885,0,1
B27,mixamorig_LeftHandPinky1,10,0.9773290157318115,-0.019454000517725945,-0.2108282446861267,0,0.2078849971294403,-0.10059600323438644,0.9729670286178589,0,-0.04013599827885628,-0.9947370290756226,-0.09427099674940109,0,3.1059000492095947,8.079400062561035,0.09300000220537186,1
B28,mixamorig_LeftHandPinky2,27,0.9867219924926758,-0.0589510016143322,-0.15134400129318237,0,0.14059099555015564,-0.156577005982399,0.9776080250740051,0,-0.08132799714803696,-0.9859049916267395,-0.14620999991893768,0,0.0026000000070780516,2.527400016784668,0,1
B29,mixamorig_LeftHandPinky3,28,0.9940130114555359,-0.09914299845695496,-0.045926764607429504,0,0.0996059998869896,0.6494429707527161,0.753858745098114,0,-0.044913001358509064,-0.753919780254364,0.655430018901825,0,-0.0013000000035390258,2.0034000873565674,0,1
B30,mixamorig_LeftHandPinky4,29,1,0,0,0,0,1,0,0,0,0,1,0,-0.0013000000035390258,1.8545000553131104,0,1
B31,mixamorig_RightShoulder,3,0.12737712264060974,-0.02081599086523056,0.9916358590126038,0,-0.9648210406303406,-0.23442427814006805,0.11901191622018814,0,0.22998622059822083,-0.9719104766845703,-0.04994470626115799,0,-5.949100017547607,13.24779987335205,-0.06729999929666519,1
B32,mixamorig_RightArm,31,0.0795380026102066,-0.8633748888969421,-0.4972451627254486,0,0.9886793494224548,0.0067014554515480995,0.1464913785457611,0,-0.12316987663507462,-0.503862202167511,0.8549460768699646,0,0,12.472200393676758,0,1
B33,mixamorig_RightForeArm,32,0.9802272915840149,-0.19492776691913605,-0.008694296702742577,0,0.19496174156665802,0.9802528619766235,0.0032966313883662224,0,0.007861319929361343,-0.004927198402583599,0.9999564290046692,0,0,23.819900512695312,0,1
B34,mixamorig_RightHand,33,0.8006302714347839,0.20702455937862396,0.5617430210113525,0,-0.08621374517679214,0.9682118892669678,-0.23436035215854645,0,-0.5925628542900085,0.13940580189228058,0.7929955720901489,0,0,24.559900283813477,0,1
B35,mixamorig_RightHandThumb1,34,0.5669810175895691,-0.4584049880504608,0.6843960285186768,0,-0.0009532334515824914,0.8304830193519592,0.5570440292358398,0,-0.8237307667732239,-0.3164852261543274,0.47043099999427795,0,2.8125,2.4428000450134277,1.2350000143051147,1
B36,mixamorig_RightHandThumb2,35,0.7451997399330139,0.31118476390838623,0.5897809863090515,0,-0.5928900241851807,0.7140030264854431,0.3723999857902527,0,-0.30522000789642334,-0.6271880269050598,0.7165729999542236,0,0.6043999791145325,3.0810000896453857,0,1
B37,mixamorig_RightHandThumb3,36,0.916143000125885,0.3308829963207245,0.22627000510692596,0,-0.38492000102996826,0.88373202085495,0.266185998916626,0,-0.11188523471355438,-0.3309602439403534,0.9369879961013794,0,-0.32690000534057617,3.0488998889923096,0,1
B38,mixamorig_RightHandThumb4,37,1,0,0,0,0,1,0,0,0,0,1,0,-0.2775000035762787,2.5511999130249023,0,1
B39,mixamorig_RightHandIndex1,34,0.9908120036125183,0.00889899954199791,0.13495199382305145,0,-0.13072499632835388,-0.19279100000858307,0.9724929928779602,0,0.03467176482081413,-0.9811992645263672,-0.18985676765441895,0,3.351099967956543,8.367199897766113,0.11079999804496765,1
B40,mixamorig_RightHandIndex2,39,0.9839159846305847,0.11172699928283691,0.139382004737854,0,-0.11155100166797638,-0.22513699531555176,0.9679200053215027,0,0.1395229995250702,-0.9678999781608582,-0.20905275642871857,0,-0.00279999990016222,3.0683000087738037,0,1
B41,mixamorig_RightHandIndex3,40,0.9951440095901489,0.08855599910020828,0.04295799881219864,0,-0.08896300196647644,0.6225569844245911,0.7775009870529175,0,0.042107999324798584,-0.7775480151176453,0.6274120211601257,0,0.002099999925121665,2.7797000408172607,0,1
B42,mixamorig_RightHandIndex4,41,1,0,0,0,0,1,0,0,0,0,1,0,0.000699999975040555,2.4900999069213867,0,1
B43,mixamorig_RightHandMiddle1,34,0.9907389879226685,0.009100000374019146,0.13547499477863312,0,-0.13120000064373016,-0.19279499351978302,0.972428023815155,0,0.034967999905347824,-0.9811969995498657,-0.18981575965881348,0,0.9178000092506409,8.605799674987793,-0.1720000058412552,1
B44,mixamorig_RightHandMiddle2,43,0.9839450120925903,0.11165700107812881,0.13922999799251556,0,-0.11143223196268082,-0.22502575814723969,0.967960000038147,0,0.13941000401973724,-0.9679340124130249,-0.20897075533866882,0,-0.00139999995008111,3.2304000854492188,0,1
B45,mixamorig_RightHandMiddle3,44,0.9950739741325378,0.08931200206279755,0.04303300008177757,0,-0.08949600160121918,0.6225119829177856,0.7774760127067566,0,0.042649999260902405,-0.7774969935417175,0.6274382472038269,0,0.000699999975040555,3.0255000591278076,0,1
B46,mixamorig_RightHandMiddle4,45,1,0,0,0,0,1,0,0,0,0,1,0,0.000699999975040555,2.688800096511841,0,1
B47,mixamorig_RightHandRing1,34,0.9904999732971191,0.012090999633073807,0.13698099553585052,0,-0.13211099803447723,-0.19280500710010529,0.9723029732704163,0,0.03816676512360573,-0.9811630249023438,-0.18937599658966064,0,-1.1633000373840332,8.798299789428711,-0.22920000553131104,1
B48,mixamorig_RightHandRing2,47,0.9832630157470703,0.11409900337457657,0.14204199612140656,0,-0.11371423304080963,-0.22480076551437378,0.9677469730377197,0,0.1423500031232834,-0.967701256275177,-0.2080627679824829,0,0.0013000000035390258,2.674099922180176,0,1
B49,mixamorig_RightHandRing3,48,0.9946799874305725,0.09300000220537186,0.04430599883198738,0,-0.09281100332736969,0.6223989725112915,0.7771779894828796,0,0.044700998812913895,-0.7771552205085754,0.627718985080719,0,-0.002199999988079071,2.6308999061584473,0,1
B50,mixamorig_RightHandRing4,49,1,0,0,0,0,1,0,0,0,0,1,0,0.0008999999845400453,2.160599946975708,0,1
B51,mixamorig_RightHandPinky1,34,0.9906659722328186,0.004906000103801489,0.13622599840164185,0,-0.1327349990606308,-0.19280476868152618,0.9722179770469666,0,0.031034767627716064,-0.9812250137329102,-0.19035376608371735,0,-3.105600118637085,7.8942999839782715,0.22020000219345093,1
B52,mixamorig_RightHandPinky2,51,0.9852790236473083,0.1065559983253479,0.1336822360754013,0,-0.10709899663925171,-0.22476500272750854,0.9685090184211731,0,0.1332480013370514,-0.9685689806938171,-0.2100447565317154,0,0.00279999990016222,2.509999990463257,0,1
B53,mixamorig_RightHandPinky3,52,0.9954259991645813,0.08641300350427628,0.0407399982213974,0,-0.08587799966335297,0.6225360035896301,0.7778649926185608,0,0.04185499995946884,-0.7778059840202332,0.6271100044250488,0,-0.0013000000035390258,2.0992000102996826,0,1
B54,mixamorig_RightHandPinky4,53,1,0,0,0,0,1,0,0,0,0,1,0,-0.0015999999595806003,1.8456000089645386,0,1
B55,mixamorig_LeftUpLeg,0,-0.8425648808479309,-0.48215749859809875,0.2399854063987732,0,0.46036025881767273,-0.8760117888450623,-0.14370915293693542,0,0.2795291841030121,-0.010596048086881638,0.9600741267204285,0,9.39210033416748,-5.572199821472168,-0.09319999814033508,1
B56,mixamorig_LeftLeg,55,0.9893810749053955,0.10368592292070389,-0.10184744000434875,0,-0.14315909147262573,0.5741461515426636,-0.8061075210571289,0,-0.025103654712438583,0.812127411365509,0.5828925371170044,0,0,42.31829833984375,0,1
B57,mixamorig_LeftFoot,56,0.9658362865447998,-0.2551189661026001,0.04551912099123001,0,-0.06886773556470871,-0.08338488638401031,0.994120717048645,0,-0.24982453882694244,-0.9632919430732727,-0.09810598939657211,0,0,39.099700927734375,0,1
B58,mixamorig_LeftToeBase,57,0.9999920129776001,-1.2803394629223863e-11,0.004098000470548868,0,-0.0022500003688037395,0.8358372449874878,0.5489727854728699,0,-0.0034250004682689905,-0.5489777326583862,0.8358302116394043,0,0,14.706199645996094,0,1
B59,mixamorig_LeftToe_End,58,1,0,0,0,0,1,0,0,0,0,1,0,0,5.953800201416016,0,1
B60,mixamorig_RightUpLeg,0,-0.9827373623847961,0.09695679694414139,-0.15749862790107727,0,-0.08580207079648972,-0.9933652877807617,-0.07632644474506378,0,-0.1638546884059906,-0.0614963136613369,0.9845356345176697,0,-9.39210033416748,-5.572199821472168,-0.015200000256299973,1
B61,mixamorig_RightLeg,60,0.9871360659599304,0.003346826182678342,0.15965886414051056,0,0.08681125193834305,0.8278606534004211,-0.554109513759613,0,-0.13406553864479065,0.5608801245689392,0.8169608116149902,0,0,42.32600021362305,0,1
B62,mixamorig_RightFoot,61,0.9590906500816345,0.21728266775608063,0.18088209629058838,0,-0.2541073262691498,0.38382065296173096,0.8875765800476074,0,0.12336265295743942,-0.8973032832145691,0.4232630729675293,0,0,39.093299865722656,0,1
B63,mixamorig_RightToeBase,62,0.9997419118881226,0.002046831650659442,-0.022573890164494514,0,0.014400757849216461,0.7123205661773682,0.7015840411186218,0,0.017504647374153137,-0.7017294764518738,0.7121074199676514,0,0,14.599900245666504,0,1
B64,mixamorig_RightToe_End,63,1,0,0,0,0,1,0,0,0,0,1,0,0,6.036399841308594,0,1
@52,0,1,2,3,4,5,7,8,9,10,11,12,13,15,16,17,19,20,21,23,24,25,27,28,29,31,32,33,34,35,36,37,39,40,41,43,44,45,47,48,49,51,52,53,55,56,57,58,60,61,62,63
K0.000,0.9967250227928162,-0.03780699893832207,0.07148600369691849,0,0.04540399834513664,0.9931319952011108,-0.10782899707555771,0,-0.06691800057888031,0.11072099953889847,0.991595983505249,0,-0.5024269819259644,84.37748718261719,0.6287959814071655,1,0.994841992855072,0.0679130032658577,-0.07535000145435333,0,-0.040681999176740646,0.9475769996643066,0.3169279992580414,0,0.09292300045490265,-0.3122279942035675,0.9454519748687744,0,0,10.058799743652344,-0.3582000136375427,1,0.9995909929275513,0.005578999873250723,-0.02806599996984005,0,-0.0020830000285059214,0.9923970103263855,0.1230589970946312,0,0.02853900007903576,-0.12295100092887878,0.992002010345459,0,0,11.742799758911133,0,1,0.9995999932289124,0.005617999937385321,-0.027728000655770302,0,-0.0021619999315589666,0.9923890233039856,0.12312600016593933,0,0.02820800058543682,-0.12301699817180634,0.9920039772987366,0,0,13.420299530029297,0,1,0.9973940253257751,0.056811001151800156,0.04447999969124794,0,-0.060398001223802567,0.9946370124816895,0.08395600318908691,0,-0.03947199881076813,-0.08642400056123734,0.9954760074615479,0,0,15.097800254821777,0,1,0.9864270091056824,0.0783350020647049,0.14430999755859375,0,-0.006283999886363745,0.8962309956550598,-0.4435420036315918,0,-0.16407999396324158,0.436614990234375,0.8845589756965637,0,0,8.085599899291992,2.6877999305725098,1,-0.018425999209284782,0.006814000196754932,-0.9998070001602173,0,0.9229220151901245,-0.38448598980903625,-0.01962899975478649,0,-0.3845449984073639,-0.9231060147285461,0.0007960000075399876,0,5.949100017547607,13.247699737548828,-0.06449999660253525,1,0.975953996181488,0.18676699697971344,-0.1123879998922348,0,-0.09963300079107285,0.8408120274543762,0.5320799946784973,0,0.19387200474739075,-0.5080879926681519,0.8392019867897034,0,0,12.472200393676758,0,1,-0.6828809976577759,0.729574978351593,0.037331998348236084,0,-0.7297000288963318,-0.6836490035057068,0.01272599957883358,0,0.03480599820613861,-0.018550999462604523,0.9992219805717468,0,0,23.814899444580078,0,1,0.7319049835205078,-0.4324690103530884,-0.5265799760818481,0,0.5076220035552979,0.8615769743919373,-0.00203999993391335,0,0.45457199215888977,-0.2658100128173828,0.8501229882240295,0,0,24.556299209594727,0,1,0.7591400146484375,0.17931699752807617,-0.6257410049438477,0,0.10946699976921082,0.9124460220336914,0.3942820131778717,0,0.6416569948196411,-0.36781299114227295,0.6730449795722961,0,-2.8320000171661377,2.535900115966797,1.1780999898910522,1,0.6621299982070923,-0.7479760050773621,0.04599500074982643,0,0.657908022403717,0.6095929741859436,0.4422140121459961,0,-0.35880398750305176,-0.2625429928302765,0.8957290053367615,0,-0.652400016784668,3.116300106048584,0,1,0.9316350221633911,-0.31797900795936584,0.175913006067276,0,0.29409900307655334,0.9440919756889343,0.14898599684238434,0,-0.21345199644565582,-0.0870639979839325,0.973065972328186,0,0.14300000667572021,3.0560998916625977,0,1,0.9900979995727539,-0.024452999234199524,-0.13823199272155762,0,0.13482800126075745,-0.10851199924945831,0.9849089980125427,0,-0.039083998650312424,-0.9937940239906311,-0.10413999855518341,0,-3.3362998962402344,8.315799713134766,0.10199999809265137,1,0.980368971824646,-0.12998700141906738,-0.14825500547885895,0,0.1272599995136261,-0.15717299282550812,0.9793369770050049,0,-0.15060299634933472,-0.9789789915084839,-0.13754500448703766,0,0.012799999676644802,3.0457000732421875,0,1,0.9941049814224243,-0.09778500348329544,-0.046842001378536224,0,0.09939499944448471,0.6492779850959778,0.7540280222892761,0,-0.04331900179386139,-0.754239022731781,0.6551700234413147,0,-0.0044999998062849045,2.8066999912261963,0,1,0.9899280071258545,-0.0240860003978014,-0.139505997300148,0,0.13614299893379211,-0.10826800018548965,0.9847549796104431,0,-0.038823001086711884,-0.9938300251960754,-0.10389800369739532,0,-0.9020000100135803,8.435600280761719,-0.14149999618530273,1,0.9805529713630676,-0.12851299345493317,-0.14832699298858643,0,0.1275169998407364,-0.1573130041360855,0.9792810082435608,0,-0.14918400347232819,-0.9791510105133057,-0.13786600530147552,0,0.009100000374019146,3.1935999393463135,0,1,0.9943580031394958,-0.09590999782085419,-0.04531700164079666,0,0.09701800346374512,0.649511992931366,0.7541360259056091,0,-0.04289599880576134,-0.7542780041694641,0.6551529765129089,0,-0.005799999926239252,3.085200071334839,0,1,0.9894790053367615,-0.027835000306367874,-0.14197200536727905,0,0.13819299638271332,-0.1085909977555275,0.9844340085983276,0,-0.04281900078058243,-0.9936969876289368,-0.10360199958086014,0,1.1324000358581543,8.436699867248535,-0.2071000039577484,1,0.9795849919319153,-0.13064099848270416,-0.15279600024223328,0,0.1317649930715561,-0.1567859947681427,0.9788039922714233,0,-0.15182800590991974,-0.978954017162323,-0.13637100160121918,0,0.002199999988079071,2.740799903869629,0,1,0.9942319989204407,-0.09742099791765213,-0.04484599828720093,0,0.09767100214958191,0.6497640013694763,0.7538350224494934,0,-0.04430000111460686,-0.753866970539093,0.6555320024490356,0,-0.005200000014156103,2.7576000690460205,0,1,0.9773290157318115,-0.019453000277280807,-0.2108290046453476,0,0.2078849971294403,-0.10059600323438644,0.9729670286178589,0,-0.04013599827885628,-0.9947370290756226,-0.09427200257778168,0,3.1059000492095947,8.079400062561035,0.09300000220537186,1,0.9867219924926758,-0.0589510016143322,-0.15134400129318237,0,0.14059099555015564,-0.156577005982399,0.9776080250740051,0,-0.08132799714803696,-0.9859049916267395,-0.14620999991893768,0,0.0026000000070780516,2.527400016784668,0,1,0.9940130114555359,-0.09914299845695496,-0.04592600092291832,0,0.0996059998869896,0.6494429707527161,0.7538579702377319,0,-0.044913001358509064,-0.7539190053939819,0.655430018901825,0,-0.0013000000035390258,2.0034000873565674,0,1,-0.06255599856376648,-0.0013389999512583017,0.9980409741401672,0,-0.942130982875824,-0.32992398738861084,-0.05949399992823601,0,0.32935699820518494,-0.9440069794654846,0.019378000870347023,0,-5.949100017547607,13.24779987335205,-0.06729999929666519,1,0.46353501081466675,-0.8793839812278748,0.10871600359678268,0,0.7160930037498474,0.44404199719429016,0.5385509729385376,0,-0.5218669772148132,-0.17178699374198914,0.8355500102043152,0,0,12.472200393676758,0,1,-0.33568400144577026,-0.9414659738540649,-0.030946999788284302,0,0.9416319727897644,-0.33626699447631836,0.01592399924993515,0,-0.025397999212145805,-0.023795999586582184,0.9993939995765686,0,0,23.819900512695312,0,1,0.7000219821929932,0.3664439916610718,0.6129329800605774,0,-0.17819799482822418,0.9207879900932312,-0.3469789922237396,0,-0.6915299892425537,0.13367000222206116,0.7098720073699951,0,0,24.559900283813477,0,1,0.5669810175895691,-0.4584049880504608,0.6843960285186768,0,-0.0009529999806545675,0.8304830193519592,0.5570440292358398,0,-0.823731005191803,-0.3164860010147095,0.47043099999427795,0,2.8125,2.4428000450134277,1.2350000143051147,1,0.745199978351593,0.31118500232696533,0.5897809863090515,0,-0.5928890109062195,0.7140030264854431,0.3723999857902527,0,-0.30522000789642334,-0.6271880269050598,0.7165729999542236,0,0.6043999791145325,3.0810000896453857,0,1,0.916143000125885,0.3308829963207245,0.22627000510692596,0,-0.38492000102996826,0.88373202085495,0.266185998916626,0,-0.11188600212335587,-0.3309600055217743,0.9369879961013794,0,-0.32690000534057617,3.0488998889923096,0,1,0.9908120036125183,0.00889899954199791,0.13495199382305145,0,-0.13072499632835388,-0.19279100000858307,0.9724929928779602,0,0.034671999514102936,-0.9811990261077881,-0.18985599279403687,0,3.351099967956543,8.367199897766113,0.11079999804496765,1,0.9839159846305847,0.11172699928283691,0.139382004737854,0,-0.11155100166797638,-0.22513699531555176,0.9679200053215027,0,0.1395229995250702,-0.9678999781608582,-0.20905299484729767,0,-0.00279999990016222,3.0683000087738037,0,1,0.9951440095901489,0.08855599910020828,0.04295799881219864,0,-0.08896300196647644,0.6225569844245911,0.7775020003318787,0,0.042107999324798584,-0.7775480151176453,0.6274120211601257,0,0.002099999925121665,2.7797000408172607,0,1,0.9907389879226685,0.009100000374019146,0.13547499477863312,0,-0.13120000064373016,-0.19279499351978302,0.972428023815155,0,0.034967999905347824,-0.9811969995498657,-0.18981599807739258,0,0.9178000092506409,8.605799674987793,-0.1720000058412552,1,0.9839450120925903,0.11165700107812881,0.13922999799251556,0,-0.11143200099468231,-0.2250259965658188,0.967960000038147,0,0.13940900564193726,-0.9679340124130249,-0.20897099375724792,0,-0.00139999995008111,3.2304000854492188,0,1,0.9950739741325378,0.08931300044059753,0.04303300008177757,0,-0.08949600160121918,0.6225119829177856,0.7774760127067566,0,0.042649999260902405,-0.7774969935417175,0.6274380087852478,0,0.000699999975040555,3.0255000591278076,0,1,0.9904999732971191,0.012090999633073807,0.13698099553585052,0,-0.13211099803447723,-0.19280500710010529,0.9723029732704163,0,0.03816600143909454,-0.9811630249023438,-0.18937599658966064,0,-1.1633000373840332,8.798299789428711,-0.22920000553131104,1,0.9832630157470703,0.11409799754619598,0.14204199612140656,0,-0.11371400207281113,-0.22480100393295288,0.9677469730377197,0,0.1423500031232834,-0.9677019715309143,-0.208063006401062,0,0.0013000000035390258,2.674099922180176,0,1,0.9946799874305725,0.09300000220537186,0.04430599883198738,0,-0.09281100332736969,0.6223989725112915,0.7771779894828796,0,0.044700998812913895,-0.7771559953689575,0.627718985080719,0,-0.002199999988079071,2.6308999061584473,0,1,0.9906659722328186,0.004906000103801489,0.13622599840164185,0,-0.1327349990606308,-0.19280500710010529,0.9722179770469666,0,0.03103500045835972,-0.9812250137329102,-0.19035400450229645,0,-3.105600118637085,7.8942999839782715,0.22020000219345093,1,0.9852790236473083,0.1065559983253479,0.1336819976568222,0,-0.10709899663925171,-0.22476600110530853,0.9685090184211731,0,0.1332470029592514,-0.9685689806938171,-0.2100449949502945,0,0.00279999990016222,2.509999990463257,0,1,0.9954259991645813,0.08641300350427628,0.0407399982213974,0,-0.08587899804115295,0.6225360035896301,0.7778649926185608,0,0.04185499995946884,-0.7778059840202332,0.6271100044250488,0,-0.0013000000035390258,2.0992000102996826,0,1,-0.8958230018615723,-0.35763099789619446,0.26381900906562805,0,0.42069199681282043,-0.8737660050392151,0.24403099715709686,0,0.1432429999113083,0.32959601283073425,0.9331920146942139,0,9.39210033416748,-5.572199821472168,-0.09319999814033508,1,0.9847580194473267,0.009828999638557434,-0.1736530065536499,0,-0.1303270012140274,0.7028629779815674,-0.699284017086029,0,0.11518099904060364,0.7112569808959961,0.69343101978302,0,0,42.31829833984375,0,1,0.9473530054092407,-0.3181320130825043,-0.03626599907875061,0,0.09085399657487869,0.1584710031747818,0.9831749796867371,0,-0.3070319890975952,-0.9347079992294312,0.17903199791908264,0,0,39.099700927734375,0,1,0.9999340176582336,-0.00035799999022856355,0.011451000347733498,0,-0.006568999961018562,0.801010012626648,0.598613977432251,0,-0.00938700046390295,-0.5986499786376953,0.8009560108184814,0,0,14.706199645996094,0,1,-0.9978899955749512,0.055831000208854675,-0.03314799815416336,0,-0.0642009973526001,-0.924688994884491,0.3752709925174713,0,-0.009700000286102295,0.3766070008277893,0.9263219833374023,0,-9.39210033416748,-5.572199821472168,-0.015200000256299973,1,0.9866300225257874,0.022166000679135323,0.16146300733089447,0,0.12356200069189072,0.544277012348175,-0.8297560214996338,0,-0.10627400130033493,0.8386120200157166,0.5342609882354736,0,0,42.32600021362305,0,1,0.9877139925956726,0.13675600290298462,-0.07562100142240524,0,0.06985499709844589,0.046491000801324844,0.9964730143547058,0,0.13978900015354156,-0.9895129799842834,0.03636699914932251,0,0,39.093299865722656,0,1,1,0,0.0008689999813213944,0,-0.0004799999878741801,0.8336690068244934,0.5522649884223938,0,-0.0007249999907799065,-0.5522649884223938,0.8336679935455322,0,0,14.599900245666504,0,1
K0.033,0.9947699904441833,-0.04532106965780258,0.09153719246387482,0,0.053902070969343185,0.9941539764404297,-0.09355784207582474,0,-0.0867621973156929,0.0980028584599495,0.9913970232009888,0,0.4935735762119293,84.40646362304688,0.5776175260543823,1,0.9954869747161865,0.06529996544122696,-0.06886594742536545,0,-0.0435200072824955,0.9589551091194153,0.2801986038684845,0,0.08433592319488525,-0.2759366035461426,0.95746910572052,0,0,10.058799743652344,-0.3582000136375427,1,0.9995840191841125,-0.005899093579500914,-0.028248999267816544,0,0.00929209217429161,0.992542028427124,0.12155196815729141,0,0.027320988476276398,-0.12176396697759628,0.9921830296516418,0,0,11.742799758911133,0,1,0.9996129870414734,-0.005763092543929815,-0.027210993692278862,0,0.009038090705871582,0.9925140142440796,0.12179596722126007,0,0.026304982602596283,-0.1219949722290039,0.9921820163726807,0,0,13.420299530029297,0,1,0.9970160126686096,0.06311805546283722,0.044443994760513306,0,-0.06643804907798767,0.9947620034217834,0.07768198102712631,0,-0.03930799663066864,-0.08040297776460648,0.9959869980812073,0,0,15.097800254821777,0,1,0.9860529899597168,0.09212514013051987,0.13861194252967834,0,-0.025986207649111748,0.9078401327133179,-0.41851067543029785,0,-0.16439299285411835,0.409071683883667,0.8975721001625061,0,0,8.085599899291992,2.6877999305725098,1,0.004654242657124996,0.0068360138684511185,-0.999966025352478,0,0.9365881085395813,-0.35042765736579895,0.0019642284605652094,0,-0.3504016697406769,-0.936565101146698,-0.00803408958017826,0,5.949100017547607,13.247699737548828,-0.06449999660253525,1,0.9775197505950928,0.20698131620883942,0.04017742723226547,0,-0.19870798289775848,0.8406559824943542,0.5037975311279297,0,0.07050084322690964,-0.5004558563232422,0.8628870844841003,0,0,12.472200393676758,0,1,-0.6329413056373596,0.7733405232429504,0.036460988223552704,0,-0.7734735608100891,-0.633685290813446,0.013489008881151676,0,0.03353698179125786,-0.019664013758301735,0.999243974685669,0,0,23.814899444580078,0,1,0.7140458226203918,-0.4123557209968567,-0.5657753348350525,0,0.5167820453643799,0.8556389212608337,0.028595304116606712,0,0.4723081886768341,-0.31280043721199036,0.8240637183189392,0,0,24.556299209594727,0,1,0.7591400146484375,0.17931699752807617,-0.6257410049438477,0,0.10946699976921082,0.9124460220336914,0.3942820131778717,0,0.6416569948196411,-0.36781400442123413,0.6730449795722961,0,-2.8320000171661377,2.535900115966797,1.1780999898910522,1,0.6621310114860535,-0.7479760050773621,0.04599500074982643,0,0.657908022403717,0.6095929741859436,0.4422140121459961,0,-0.35880300402641296,-0.2625429928302765,0.8957290053367615,0,-0.652400016784668,3.116300106048584,0,1,0.9316350221633911,-0.31797999143600464,0.175913006067276,0,0.29409998655319214,0.9440910220146179,0.14898599684238434,0,-0.21345199644565582,-0.0870639979839325,0.973065972328186,0,0.14300000667572021,3.0560998916625977,0,1,0.9900979995727539,-0.024452999234199524,-0.13823199272155762,0,0.13482700288295746,-0.10851199924945831,0.9849089980125427,0,-0.039083998650312424,-0.9937940239906311,-0.1041409969329834,0,-3.3362998962402344,8.315799713134766,0.10199999809265137,1,0.980368971824646,-0.12998700141906738,-0.14825500547885895,0,0.1272599995136261,-0.15717199444770813,0.9793369770050049,0,-0.15060299634933472,-0.9789789915084839,-0.13754500448703766,0,0.012799999676644802,3.0457000732421875,0,1,0.9941049814224243,-0.09778500348329544,-0.046842001378536224,0,0.09939499944448471,0.6492779850959778,0.7540280222892761,0,-0.04331900179386139,-0.754239022731781,0.6551690101623535,0,-0.0044999998062849045,2.8066999912261963,0,1,0.9899280071258545,-0.0240860003978014,-0.139505997300148,0,0.13614299893379211,-0.10826800018548965,0.9847549796104431,0,-0.038823001086711884,-0.9938300251960754,-0.10389800369739532,0,-0.9020000100135803,8.435600280761719,-0.14149999618530273,1,0.9805529713630676,-0.12851299345493317,-0.14832699298858643,0,0.1275169998407364,-0.1573130041360855,0.9792810082435608,0,-0.14918500185012817,-0.9791510105133057,-0.13786600530147552,0,0.009100000374019146,3.1935999393463135,0,1,0.9943580031394958,-0.09591100364923477,-0.04531700164079666,0,0.09701800346374512,0.649511992931366,0.7541360259056091,0,-0.04289599880576134,-0.7542780041694641,0.6551520228385925,0,-0.005799999926239252,3.085200071334839,0,1,0.9894790053367615,-0.027835000306367874,-0.14197200536727905,0,0.13819299638271332,-0.1085909977555275,0.9844340085983276,0,-0.04281900078058243,-0.9936969876289368,-0.10360199958086014,0,1.1324000358581543,8.436699867248535,-0.2071000039577484,1,0.9795849919319153,-0.13064099848270416,-0.15279600024223328,0,0.1317649930715561,-0.1567849963903427,0.9788039922714233,0,-0.15182800590991974,-0.978954017162323,-0.13637100160121918,0,0.002199999988079071,2.740799903869629,0,1,0.9942319989204407,-0.09742099791765213,-0.04484599828720093,0,0.09767100214958191,0.6497640013694763,0.7538350224494934,0,-0.04430000111460686,-0.753866970539093,0.6555320024490356,0,-0.005200000014156103,2.7576000690460205,0,1,0.9773290157318115,-0.019454000517725945,-0.2108280062675476,0,0.2078849971294403,-0.10059600323438644,0.9729670286178589,0,-0.04013599827885628,-0.9947370290756226,-0.09427200257778168,0,3.1059000492095947,8.079400062561035,0.09300000220537186,1,0.9867219924926758,-0.05895199999213219,-0.15134400129318237,0,0.14059099555015564,-0.156577005982399,0.9776080250740051,0,-0.08132900297641754,-0.9859049916267395,-0.14620999991893768,0,0.0026000000070780516,2.527400016784668,0,1,0.9940130114555359,-0.09914299845695496,-0.04592600092291832,0,0.0996059998869896,0.6494429707527161,0.7538579702377319,0,-0.044913001358509064,-0.7539190053939819,0.655430018901825,0,-0.0013000000035390258,2.0034000873565674,0,1,-0.04593280702829361,-0.001148003968410194,0.9989439845085144,0,-0.9500430822372437,-0.30899578332901,-0.04403981938958168,0,0.30871978402137756,-0.9510630369186401,0.013102930970489979,0,-5.949100017547607,13.24779987335205,-0.06729999929666519,1,0.4236994981765747,-0.9058011770248413,0.0018409310141578317,0,0.7743035554885864,0.3632431626319885,0.5181766748428345,0,-0.4700344502925873,-0.21812650561332703,0.8552711009979248,0,0,12.472200393676758,0,1,-0.2239266186952591,-0.9741722345352173,-0.0290569756180048,0,0.9743442535400391,-0.22445762157440186,0.016477003693580627,0,-0.022573964670300484,-0.024622006341814995,0.9994419813156128,0,0,23.819900512695312,0,1,0.7154061794281006,0.33476361632347107,0.6132919192314148,0,-0.12350738793611526,0.9245169758796692,-0.3605741560459137,0,-0.6877068877220154,0.1822105497121811,0.7027509212493896,0,0,24.559900283813477,0,1,0.5669810175895691,-0.4584049880504608,0.6843960285186768,0,-0.0009539999882690609,0.8304830193519592,0.5570440292358398,0,-0.8237299919128418,-0.3164860010147095,0.47043099999427795,0,2.8125,2.4428000450134277,1.2350000143051147,1,0.745199978351593,0.31118500232696533,0.5897809863090515,0,-0.5928900241851807,0.7140020132064819,0.3723999857902527,0,-0.30522000789642334,-0.6271880269050598,0.7165719866752625,0,0.6043999791145325,3.0810000896453857,0,1,0.916143000125885,0.3308829963207245,0.22627000510692596,0,-0.38492000102996826,0.88373202085495,0.266185998916626,0,-0.11188600212335587,-0.3309600055217743,0.9369879961013794,0,-0.32690000534057617,3.0488998889923096,0,1,0.9908120036125183,0.00889899954199791,0.13495199382305145,0,-0.13072499632835388,-0.19279199838638306,0.9724929928779602,0,0.034671999514102936,-0.9811990261077881,-0.18985700607299805,0,3.351099967956543,8.367199897766113,0.11079999804496765,1,0.9839159846305847,0.11172699928283691,0.139382004737854,0,-0.11155100166797638,-0.22513699531555176,0.9679200053215027,0,0.1395229995250702,-0.9678999781608582,-0.20905199646949768,0,-0.00279999990016222,3.0683000087738037,0,1,0.9951440095901489,0.08855599910020828,0.04295799881219864,0,-0.08896300196647644,0.6225569844245911,0.7775020003318787,0,0.042107999324798584,-0.7775480151176453,0.6274120211601257,0,0.002099999925121665,2.7797000408172607,0,1,0.9907389879226685,0.009100000374019146,0.13547499477863312,0,-0.13120000064373016,-0.1927960067987442,0.972428023815155,0,0.034967999905347824,-0.9811969995498657,-0.18981599807739258,0,0.9178000092506409,8.605799674987793,-0.1720000058412552,1,0.9839450120925903,0.11165700107812881,0.13922999799251556,0,-0.11143200099468231,-0.2250249981880188,0.967960000038147,0,0.13940900564193726,-0.9679340124130249,-0.20896999537944794,0,-0.00139999995008111,3.2304000854492188,0,1,0.9950739741325378,0.08931300044059753,0.04303300008177757,0,-0.08949600160121918,0.6225119829177856,0.7774760127067566,0,0.042649999260902405,-0.7774969935417175,0.6274380087852478,0,0.000699999975040555,3.0255000591278076,0,1,0.9904999732971191,0.012090999633073807,0.13698099553585052,0,-0.13211099803447723,-0.19280600547790527,0.9723029732704163,0,0.03816699981689453,-0.9811620116233826,-0.18937699496746063,0,-1.1633000373840332,8.798299789428711,-0.22920000553131104,1,0.9832630157470703,0.11409799754619598,0.14204199612140656,0,-0.11371400207281113,-0.2248000055551529,0.9677469730377197,0,0.1423490047454834,-0.9677019715309143,-0.208063006401062,0,0.0013000000035390258,2.674099922180176,0,1,0.9946799874305725,0.09300000220537186,0.04430599883198738,0,-0.09281100332736969,0.6223989725112915,0.7771779894828796,0,0.04470200091600418,-0.7771559953689575,0.627718985080719,0,-0.002199999988079071,2.6308999061584473,0,1,0.9906659722328186,0.004906000103801489,0.13622599840164185,0,-0.1327349990606308,-0.19280500710010529,0.9722179770469666,0,0.03103500045835972,-0.9812250137329102,-0.19035400450229645,0,-3.105600118637085,7.8942999839782715,0.22020000219345093,1,0.9852790236473083,0.1065559983253479,0.1336819976568222,0,-0.10709899663925171,-0.22476500272750854,0.9685090184211731,0,0.1332470029592514,-0.9685689806938171,-0.2100439965724945,0,0.00279999990016222,2.509999990463257,0,1,0.9954259991645813,0.08641300350427628,0.0407399982213974,0,-0.08587799966335297,0.6225360035896301,0.7778649926185608,0,0.04185499995946884,-0.7778059840202332,0.6271100044250488,0,-0.0013000000035390258,2.0992000102996826,0,1,-0.8983039855957031,-0.35347795486450195,0.2609659731388092,0,0.41803693771362305,-0.8704379796981812,0.2599670886993408,0,0.13526195287704468,0.3426230549812317,0.9296849966049194,0,9.39210033416748,-5.572199821472168,-0.09319999814033508,1,0.9860749840736389,0.0051309759728610516,-0.16622190177440643,0,-0.1246839165687561,0.6842149496078491,-0.7185431122779846,0,0.11004393547773361,0.7292630672454834,0.675326943397522,0,0,42.31829833984375,0,1,0.948632001876831,-0.3162839710712433,-0.007828721776604652,0,0.05724268779158592,0.14724794030189514,0.9874420166015625,0,-0.31115904450416565,-0.9371669888496399,0.15778985619544983,0,0,39.099700927734375,0,1,0.9999570250511169,-0.0002039990940829739,0.009252983145415783,0,-0.00523799005895853,0.811750054359436,0.5839818716049194,0,-0.007629986386746168,-0.5840058922767639,0.8117140531539917,0,0,14.706199645996094,0,1,-0.9969329833984375,0.06390909105539322,-0.04517114907503128,0,-0.07650414109230042,-0.917449951171875,0.3904260993003845,0,-0.016490092501044273,0.3926851153373718,0.9195249676704407,0,-9.39210033416748,-5.572199821472168,-0.015200000256299973,1,0.9852929711341858,0.04196116328239441,0.16564103960990906,0,0.11493191123008728,0.5545952320098877,-0.8241448998451233,0,-0.1264461725950241,0.831061840057373,0.5416162014007568,0,0,42.32600021362305,0,1,0.9887750148773193,0.13187895715236664,-0.07023290544748306,0,0.06290087848901749,0.05896318703889847,0.9962760210037231,0,0.13552895188331604,-0.9895110130310059,0.05000520497560501,0,0,39.093299865722656,0,1,1,0,0.0008689999813213944,0,-0.0004799999878741801,0.8336679935455322,0.5522649884223938,0,-0.0007239999831654131,-0.5522649884223938,0.8336679935455322,0,0,14.599900245666504,0,1
