8.333,30,249,65
B0,mixamorig_Hips,-1,0.994799017906189,-0.04406600072979927,0.0918319895863533,0,0.05024699866771698,0.9965459704399109,-0.0661190077662468,0,-0.0886009931564331,0.0703900083899498,0.9935770034790039,0,-0.17911291122436523,94.91651153564453,0.6359689235687256,1
B1,mixamorig_Spine,0,0.9986559748649597,0.044137999415397644,-0.02715899795293808,0,-0.04366600140929222,0.9988880157470703,0.017761996015906334,0,0.02791299857199192,-0.016552995890378952,0.999472975730896,0,0,10.058830261230469,-0.35815998911857605,1
B2,mixamorig_Spine1,1,0.9995899796485901,0.028082000091671944,-0.005566999316215515,0,-0.02797500044107437,0.9994369745254517,0.018542997539043427,0,0.006083999760448933,-0.018379997462034225,0.9998130202293396,0,0,11.74275016784668,0,1
B3,mixamorig_Spine2,2,0.9995859861373901,0.028156999498605728,-0.005960999522358179,0,-0.02804500050842762,0.999442994594574,0.01809999905526638,0,0.006466999650001526,-0.01792599819600582,0.9998180270195007,0,0,13.420266151428223,0,1
B4,mixamorig_Neck,3,0.9999499917030334,0.009277000091969967,0.0036809989251196384,0,-0.009669998660683632,0.9918509721755981,0.12703800201416016,0,-0.0024719990324229,-0.12706699967384338,0.9918910264968872,0,0,15.097818374633789,9.999999974752427e-7,1
B5,mixamorig_Head,4,0.9997310042381287,-0.005759003572165966,-0.02246900647878647,0,0.0026580030098557472,0.9907510280609131,-0.13566899299621582,0,0.02304200641810894,0.13557299971580505,0.9904990196228027,0,0,8.0855712890625,2.687786102294922,1
B6,mixamorig_HeadTop_End,5,1,0,0,0,0,1,0,0,0,0,1,0,0,21.499176025390625,7.146701812744141,1
B7,mixamorig_LeftShoulder,3,0.27123498916625977,0.0220320001244545,-0.9622610211372375,0,0.8380069732666016,-0.4971889853477478,0.22482800483703613,0,-0.4734730124473572,-0.8673620223999023,-0.15331800282001495,0,5.949117183685303,13.24772834777832,-0.06445100158452988,1
B8,mixamorig_LeftArm,7,0.9374690055847168,0.2965950071811676,-0.1821649968624115,0,-0.023639991879463196,0.5764020085334778,0.8168240189552307,0,0.34726598858833313,-0.7614409923553467,0.5473700165748596,0,0,12.47215461730957,0,1
B9,mixamorig_LeftForeArm,8,0.9996340274810791,0.025856997817754745,0.00798999983817339,0,-0.025860998779535294,0.9996650218963623,0.0004519999783951789,0,-0.00797600019723177,-0.000657999946270138,0.9999679923057556,0,0,23.81488037109375,0,1
B10,mixamorig_LeftHand,9,0.8568189740180969,-0.08430799841880798,0.5086780190467834,0,0.007387999445199966,0.9884480237960815,0.15138199925422668,0,-0.5155649781227112,-0.12594899535179138,0.8475440144538879,0,0,24.556316375732422,0,1
B11,mixamorig_LeftHandThumb1,10,0.9158499836921692,0.38332900404930115,-0.11948999762535095,0,-0.3229610025882721,0.8801029920578003,0.34801599383354187,0,0.2385679930448532,-0.2801400125026703,0.9298419952392578,0,-2.8319809436798096,2.535861015319824,1.178056001663208,1
B12,mixamorig_LeftHandThumb2,11,0.9460999965667725,-0.298675000667572,-0.12525500357151031,0,0.2724609971046448,0.9430649876594543,-0.19077099859714508,0,0.17510199546813965,0.14636099338531494,0.9736109972000122,0,-0.6523659825325012,3.11625599861145,0,1
B13,mixamorig_LeftHandThumb3,12,0.9773349761962891,0.17464399337768555,0.11964999884366989,0,-0.13641199469566345,0.9517379999160767,-0.2749289870262146,0,-0.16189000010490417,0.252375990152359,0.9539899826049805,0,0.14303800463676453,3.05609393119812,0,1
B14,mixamorig_LeftHandThumb4,13,1,0,0,0,0,1,0,0,0,0,1,0,0.5093280076980591,2.3288419246673584,0,1
B15,mixamorig_LeftHandIndex1,10,0.9920060038566589,0.12619300186634064,-0.00016999999934341758,0,-0.12532499432563782,0.9853420257568359,0.11573699861764908,0,0.014773000031709671,-0.11479000002145767,0.9932799935340881,0,-3.3362889289855957,8.315775871276855,0.10196399688720703,1
B16,mixamorig_LeftHandIndex2,15,0.9992349743843079,-0.038686998188495636,-0.005741999950259924,0,0.038637999445199966,0.953711986541748,0.298227995634079,0,-0.006060999818146229,-0.29822200536727905,0.9544770121574402,0,0.012763000093400478,3.045654058456421,0,1
B17,mixamorig_LeftHandIndex3,16,0.9998509883880615,-0.017179999500513077,-0.001420999993570149,0,0.01720999926328659,0.9900450110435486,0.1396940052509308,0,-0.0009929999941959977,-0.13969700038433075,0.9901940226554871,0,-0.004546999931335449,2.8067469596862793,0,1
B18,mixamorig_LeftHandIndex4,17,1,0,0,0,0,1,0,0,0,0,1,0,-0.008214999921619892,2.440062999725342,0,1
B19,mixamorig_LeftHandMiddle1,10,0.9981600046157837,0.06058700010180473,0.0023799999617040157,0,-0.05920200049877167,0.9653499722480774,0.2541539967060089,0,0.013101000338792801,-0.2538279891014099,0.9671609997749329,0,-0.9020190238952637,8.435626029968262,-0.14152300357818604,1
B20,mixamorig_LeftHandMiddle2,19,0.9992759823799133,-0.037622999399900436,-0.005714000202715397,0,0.03761199861764908,0.9535970091819763,0.29872798919677734,0,-0.005789999850094318,-0.29872700572013855,0.954321026802063,0,0.009087000042200089,3.193608045578003,0,1
B21,mixamorig_LeftHandMiddle3,20,0.9994000196456909,-0.03409399837255478,-0.0060709998942911625,0,0.03426799923181534,0.948328971862793,0.3154340088367462,0,-0.004997000098228455,-0.3154529929161072,0.9489279985427856,0,-0.005787999834865332,3.0851590633392334,0,1
B22,mixamorig_LeftHandMiddle4,21,1,0,0,0,0,1,0,0,0,0,1,0,-0.003298999974504113,2.6929290294647217,0,1
B23,mixamorig_LeftHandRing1,10,0.9992210268974304,0.03942200168967247,0.0020379999186843634,0,-0.03771299868822098,0.9380940198898315,0.3443230092525482,0,0.011661999858915806,-0.3441309928894043,0.9388489723205566,0,1.1323939561843872,8.43670654296875,-0.2071090042591095,1
B24,mixamorig_LeftHandRing2,23,0.999023973941803,-0.04341299831867218,-0.00808900035917759,0,0.04344499856233597,0.9333930015563965,0.3562160134315491,0,-0.007914000190794468,-0.356220006942749,0.9343690276145935,0,0.0022269999608397484,2.7408010959625244,0,1
B25,mixamorig_LeftHandRing3,24,0.9994760155677795,-0.03196199983358383,-0.0051739998161792755,0,0.032010000199079514,0.9514189958572388,0.30623000860214233,0,-0.004865000024437904,-0.3062349855899811,0.9519429802894592,0,-0.00520800007507205,2.757575035095215,0,1
B26,mixamorig_LeftHandRing4,25,1,0,0,0,0,1,0,0,0,0,1,0,0.0029810001142323017,2.2850029468536377,0,1
B27,mixamorig_LeftHandPinky1,10,0.9999099969863892,0.005257000215351582,-0.012326999567449093,0,0.000686999992467463,0.8985229730606079,0.43892601132392883,0,0.013383000157773495,-0.43889498710632324,0.8984389901161194,0,3.105915069580078,8.079448699951172,0.09296099841594696,1
B28,mixamorig_LeftHandPinky2,27,0.9993529915809631,-0.03554600104689598,-0.005410999990999699,0,0.03553900122642517,0.953702986240387,0.29864200949668884,0,-0.00545499986037612,-0.29864099621772766,0.9543499946594238,0,0.0025839998852461576,2.527385950088501,0,1
B29,mixamorig_LeftHandPinky3,28,0.999468982219696,-0.032221000641584396,-0.004860000219196081,0,0.03227600082755089,0.9583820104598999,0.2836570143699646,0,-0.004482000134885311,-0.2836630046367645,0.9589139819145203,0,-0.0013210000470280647,2.0034079551696777,0,1
B30,mixamorig_LeftHandPinky4,29,1,0,0,0,0,1,0,0,0,0,1,0,-0.0012629999546334147,1.8545260429382324,0,1
B31,mixamorig_RightShoulder,3,0.24185100197792053,-0.023761002346873283,0.9700220227241516,0,-0.818926990032196,-0.5412089824676514,0.19092200696468353,0,0.5204480290412903,-0.8405519723892212,-0.15035100281238556,0,-5.949117183685303,13.24782943725586,-0.06729400157928467,1
B32,mixamorig_RightArm,31,0.8561279773712158,-0.3710780143737793,0.3596459925174713,0,0.00736900744959712,0.7046549916267395,0.7095109820365906,0,-0.5167109966278076,-0.6047829985618591,0.6060100197792053,0,0,12.47215461730957,0,1
B33,mixamorig_RightForeArm,32,0.9934350252151489,-0.1140810027718544,-0.008471000008285046,0,0.11410100013017654,0.9934669733047485,0.0019290000200271606,0,0.008196000009775162,-0.002882000058889389,0.9999619722366333,0,0,23.819854736328125,0,1
B34,mixamorig_RightHand,33,0.9477620124816895,0.11496400088071823,-0.297542005777359,0,-0.06930799782276154,0.9847279787063599,0.15971000492572784,0,0.3113580048084259,-0.13074499368667603,0.9412549734115601,0,0,24.55992317199707,0,1
B35,mixamorig_RightHandThumb1,34,0.8964639902114868,-0.4321349859237671,0.09804199635982513,0,0.3769649863243103,0.8600299954414368,0.3438679873943329,0,-0.232915997505188,-0.27130699157714844,0.9338859915733337,0,2.8124940395355225,2.4428489208221436,1.2349599599838257,1
B36,mixamorig_RightHandThumb2,35,0.9383400082588196,0.3246079981327057,0.11894100159406662,0,-0.30482399463653564,0.9391589760780334,-0.15831300616264343,0,-0.16309399902820587,0.112295001745224,0.9801989793777466,0,0.6044420003890991,3.080981969833374,0,1
B37,mixamorig_RightHandThumb3,36,0.9931020140647888,0.010989000089466572,-0.116737000644207,0,-0.04814799875020981,0.9460060000419617,-0.3205539882183075,0,0.10691200196743011,0.3239629864692688,0.9400089979171753,0,-0.3269079923629761,3.048922061920166,0,1
B38,mixamorig_RightHandThumb4,37,1,0,0,0,0,1,0,0,0,0,1,0,-0.27753400802612305,2.551215887069702,0,1
B39,mixamorig_RightHandIndex1,34,0.9915590286254883,-0.12965700030326843,0.0003980000037699938,0,0.12898199260234833,0.986702024936676,0.09891200065612793,0,-0.01321799959987402,-0.09802500158548355,0.9950960278511047,0,3.3511319160461426,8.367222785949707,0.11076399683952332,1
B40,mixamorig_RightHandIndex2,39,0.9997079968452454,0.023871000856161118,0.0036460000555962324,0,-0.023868000134825706,0.9538819789886475,0.29923099279403687,0,0.003664999967440963,-0.29923099279403687,0.9541739821434021,0,-0.0027620000764727592,3.068336009979248,0,1
B41,mixamorig_RightHandIndex3,40,0.9999499917030334,0.009936000220477581,0.0007999999797903001,0,-0.009949999861419201,0.9900789856910706,0.14016099274158478,0,0.0006009999779053032,-0.14016200602054596,0.9901279807090759,0,0.002068999921903014,2.779745101928711,0,1
B42,mixamorig_RightHandIndex4,41,1,0,0,0,0,1,0,0,0,0,1,0,0.0006929999799467623,2.49007511138916,0,1
B43,mixamorig_RightHandMiddle1,34,0.9975399971008301,-0.06995899975299835,-0.00432500010356307,0,0.06895100325345993,0.9683380126953125,0.23993000388145447,0,-0.012597999535501003,-0.23963800072669983,0.9707810282707214,0,0.9177520275115967,8.605759620666504,-0.1720310002565384,1
B44,mixamorig_RightHandMiddle2,43,0.9997289776802063,0.023017000406980515,0.0035210000351071358,0,-0.023013999685645103,0.9537479877471924,0.2997240126132965,0,0.0035409999545663595,-0.2997240126132965,0.9540190100669861,0,-0.0013510000426322222,3.230443000793457,0,1
B45,mixamorig_RightHandMiddle3,44,0.9997130036354065,0.023628000169992447,0.003918999806046486,0,-0.023653000593185425,0.9483050107955933,0.3164770007133484,0,0.0037620000075548887,-0.31647899746894836,0.9485920071601868,0,0.0006830000202171504,3.025536060333252,0,1
B46,mixamorig_RightHandMiddle4,45,1,0,0,0,0,1,0,0,0,0,1,0,0.0006680000224150717,2.688760995864868,0,1
B47,mixamorig_RightHandRing1,34,0.9985619783401489,-0.05341099947690964,-0.00467800023034215,0,0.0519459992647171,0.9421650171279907,0.3310990035533905,0,-0.013275999575853348,-0.3308660089969635,0.9435840249061584,0,-1.1633100509643555,8.798321723937988,-0.2292110025882721,1
B48,mixamorig_RightHandRing2,47,0.9996349811553955,0.026559000834822655,0.0048859999515116215,0,-0.02655000053346157,0.933542013168335,0.35748299956321716,0,0.004933000076562166,-0.357481986284256,0.9339069724082947,0,0.001307999948039651,2.6741080284118652,0,1
B49,mixamorig_RightHandRing3,48,0.999675989151001,0.025165000930428505,0.003855000017210841,0,-0.02513200044631958,0.9512810111045837,0.3072989881038666,0,0.00406600022688508,-0.3072960078716278,0.9516050219535828,0,-0.0021780000533908606,2.63093900680542,0,1
B50,mixamorig_RightHandRing4,49,1,0,0,0,0,1,0,0,0,0,1,0,0.0008699999889358878,2.1606459617614746,0,1
B51,mixamorig_RightHandPinky1,34,0.9996039867401123,-0.024480000138282776,0.013880999758839607,0,0.01619799993932247,0.9038479924201965,0.42754700779914856,0,-0.023012999445199966,-0.42715200781822205,0.9038869738578796,0,-3.1055750846862793,7.894268035888672,0.22022999823093414,1
B52,mixamorig_RightHandPinky2,51,0.9998059868812561,0.019491000100970268,0.003008000086992979,0,-0.019495999440550804,0.9537969827651978,0.2998180091381073,0,0.002974000060930848,-0.2998189926147461,0.9539920091629028,0,0.0028039999306201935,2.5099849700927734,0,1
B53,mixamorig_RightHandPinky3,52,0.9997979998588562,0.01991399936378002,0.0027050001081079245,0,-0.019859999418258667,0.9583899974822998,0.28477200865745544,0,0.0030789999291300774,-0.2847679853439331,0.9585919976234436,0,-0.0012519999872893095,2.0991809368133545,0,1
B54,mixamorig_RightHandPinky4,53,1,0,0,0,0,1,0,0,0,0,1,0,-0.001551999943330884,1.8456369638442993,0,1
B55,mixamorig_LeftUpLeg,0,-0.953203022480011,-0.13178999722003937,0.2720940113067627,0,0.15961800515651703,-0.9837070107460022,0.0827149972319603,0,0.25676000118255615,0.12227600067853928,0.9587090015411377,0,9.392097473144531,-5.572212219238281,-0.09320899844169617,1
B56,mixamorig_LeftLeg,55,0.9975780248641968,0.06526699662208557,0.02403699792921543,0,-0.05903000012040138,0.9772530198097229,-0.20369499921798706,0,-0.03678499907255173,0.20178300142288208,0.9787390232086182,0,0,42.31831359863281,0,1
B57,mixamorig_LeftFoot,56,0.9914669990539551,-0.06221599876880646,0.11455199867486954,0,-0.0669659972190857,0.5108460187911987,0.8570600152015686,0,-0.11184100061655045,-0.8574180006980896,0.5023210048675537,0,0,39.09965896606445,0,1
B58,mixamorig_LeftToeBase,57,0.9998970031738281,-0.0006220000213943422,0.014349999837577343,0,-0.00837399996817112,0.7864189743995667,0.6176360249519348,0,-0.011668999679386616,-0.6176930069923401,0.7863330245018005,0,0,14.706199645996094,0,1
B59,mixamorig_LeftToe_End,58,1,0,0,0,0,1,0,0,0,0,1,0,0,5.953843116760254,0,1
B60,mixamorig_RightUpLeg,0,-0.9829360246658325,-0.03910399600863457,-0.17974400520324707,0,0.05553499609231949,-0.9946320056915283,-0.08730699867010117,0,-0.17536599934101105,-0.0957999974489212,0.9798309803009033,0,-9.392097473144531,-5.572212219238281,-0.01522899977862835,1
B61,mixamorig_RightLeg,60,0.9845219850540161,-0.048159003257751465,-0.16851699352264404,0,0.03628300502896309,0.9966819882392883,-0.0728590115904808,0,0.17146599292755127,0.06561701744794846,0.9830020070075989,0,0,42.325950622558594,0,1
B62,mixamorig_RightFoot,61,0.9908729791641235,-0.009156995452940464,-0.1344899982213974,0,0.12432099878787994,0.44777199625968933,0.8854629993438721,0,0.05211200565099716,-0.8941010236740112,0.4448240101337433,0,0,39.093318939208984,0,1
B63,mixamorig_RightToeBase,62,0.999904990196228,0.0007360000163316727,-0.013767999596893787,0,0.0083619998767972,0.7615770101547241,0.6480200290679932,0,0.010963000357151031,-0.6480739712715149,0.761497974395752,0,0,14.599909782409668,0,1
B64,mixamorig_RightToe_End,63,1,0,0,0,0,1,0,0,0,0,1,0,0,6.036405086517334,0,1
@52,0,1,2,3,4,5,7,8,9,10,11,12,13,15,16,17,19,20,21,23,24,25,27,28,29,31,32,33,34,35,36,37,39,40,41,43,44,45,47,48,49,51,52,53,55,56,57,58,60,61,62,63
K0.000,0.9941400289535522,-0.05231500044465065,0.09460300207138062,0,0.058152999728918076,0.9965000152587891,-0.06004500016570091,0,-0.09113000333309174,0.0651950016617775,0.9937030076980591,0,0.30494600534439087,94.8879165649414,-0.049375999718904495,1,0.9988240003585815,0.041958998888731,-0.024286000058054924,0,-0.04139700159430504,0.9988740086555481,0.02318499982357025,0,0.025232000276446342,-0.022151999175548553,0.9994360208511353,0,0,10.058830261230469,-0.35815998911857605,1,0.9996150135993958,0.027386000379920006,-0.004404999781399965,0,-0.02729099988937378,0.9994230270385742,0.020243000239133835,0,0.00495699979364872,-0.020114999264478683,0.9997850060462952,0,0,11.74275016784668,0,1,0.9996110200881958,0.027458999305963516,-0.004798999987542629,0,-0.027358999475836754,0.9994300007820129,0.01980300061404705,0,0.0053400001488626,-0.01966400071978569,0.9997919797897339,0,0,13.420266151428223,0,1,0.9999679923057556,0.007681000046432018,0.0024240000639110804,0,-0.007935999892652035,0.9910339713096619,0.13337500393390656,0,-0.0013780000153928995,-0.13338999450206757,0.9910629987716675,0,0,15.097818374633789,0,1,0.9997109770774841,-0.0045540002174675465,-0.023615000769495964,0,0.0014059999957680702,0.9912949800491333,-0.1316560059785843,0,0.02400900050997734,0.13158400356769562,0.9910140037536621,0,0,8.0855712890625,2.687786102294922,1,0.28227099776268005,0.01921200007200241,-0.9591420292854309,0,0.8305789828300476,-0.5052070021629333,0.23431600630283356,0,-0.4800640046596527,-0.8627840280532837,-0.15856300294399261,0,5.949117183685303,13.24772834777832,-0.06445100158452988,1,0.9371669888496399,0.2944450080394745,-0.1871359944343567,0,-0.023708999156951904,0.5889000296592712,0.8078579902648926,0,0.3480739891529083,-0.7526609897613525,0.558879017829895,0,0,12.47215461730957,0,1,0.9996439814567566,0.02545900084078312,0.00798999983817339,0,-0.025464000180363655,0.999675989151001,0.0004440000047907233,0,-0.00797600019723177,-0.0006479999865405262,0.9999679923057556,0,0,23.81488037109375,0,1,0.8499320149421692,-0.08265700191259384,0.5203679800033569,0,0.004718000069260597,0.988772988319397,0.1493539959192276,0,-0.5268710255622864,-0.12448599934577942,0.8407800197601318,0,0,24.556316375732422,0,1,0.9158499836921692,0.38332900404930115,-0.11948999762535095,0,-0.3229610025882721,0.8801029920578003,0.34801700711250305,0,0.2385690063238144,-0.2801400125026703,0.9298419952392578,0,-2.8319809436798096,2.535861015319824,1.178056001663208,1,0.9460999965667725,-0.298675000667572,-0.12525500357151031,0,0.2724609971046448,0.9430649876594543,-0.19077099859714508,0,0.17510199546813965,0.14636099338531494,0.9736109972000122,0,-0.6523659825325012,3.11625599861145,0,1,0.9773349761962891,0.17464399337768555,0.11964999884366989,0,-0.13641199469566345,0.9517379999160767,-0.2749289870262146,0,-0.16189000010490417,0.252375990152359,0.9539899826049805,0,0.14303800463676453,3.05609393119812,0,1,0.9920060038566589,0.12619200348854065,-0.00016999999934341758,0,-0.12532499432563782,0.9853420257568359,0.11573699861764908,0,0.014773000031709671,-0.11479000002145767,0.9932799935340881,0,-3.3362889289855957,8.315775871276855,0.10196399688720703,1,0.9992349743843079,-0.038686998188495636,-0.005741999950259924,0,0.038637999445199966,0.953711986541748,0.298227995634079,0,-0.006060999818146229,-0.29822200536727905,0.9544770121574402,0,0.012763000093400478,3.045654058456421,0,1,0.9998509883880615,-0.017179999500513077,-0.001420999993570149,0,0.01720999926328659,0.9900450110435486,0.1396940052509308,0,-0.000994000001810491,-0.13969700038433075,0.9901940226554871,0,-0.004546999931335449,2.8067469596862793,0,1,0.9981600046157837,0.06058700010180473,0.0023799999617040157,0,-0.05920200049877167,0.9653499722480774,0.2541539967060089,0,0.013101000338792801,-0.2538279891014099,0.9671609997749329,0,-0.9020190238952637,8.435626029968262,-0.14152300357818604,1,0.9992759823799133,-0.037622999399900436,-0.005714000202715397,0,0.03761100023984909,0.9535970091819763,0.29872798919677734,0,-0.005789999850094318,-0.29872700572013855,0.954321026802063,0,0.009087000042200089,3.193608045578003,0,1,0.9994000196456909,-0.03409399837255478,-0.0060709998942911625,0,0.03426799923181534,0.948328971862793,0.3154340088367462,0,-0.004997000098228455,-0.3154529929161072,0.9489279985427856,0,-0.005787999834865332,3.0851590633392334,0,1,0.9992210268974304,0.03942200168967247,0.0020379999186843634,0,-0.03771200031042099,0.9380940198898315,0.3443230092525482,0,0.011661999858915806,-0.3441309928894043,0.9388489723205566,0,1.1323939561843872,8.43670654296875,-0.2071090042591095,1,0.999023973941803,-0.04341299831867218,-0.00808900035917759,0,0.04344499856233597,0.9333930015563965,0.3562160134315491,0,-0.007914000190794468,-0.356220006942749,0.9343680143356323,0,0.0022269999608397484,2.7408010959625244,0,1,0.9994760155677795,-0.03196199983358383,-0.0051750000566244125,0,0.0320109985768795,0.9514189958572388,0.30623000860214233,0,-0.004863999783992767,-0.3062349855899811,0.9519439935684204,0,-0.00520800007507205,2.757575035095215,0,1,0.9999099969863892,0.005257000215351582,-0.012326999567449093,0,0.000686999992467463,0.8985229730606079,0.43892601132392883,0,0.013383000157773495,-0.43889498710632324,0.8984389901161194,0,3.105915069580078,8.079448699951172,0.09296099841594696,1,0.9993529915809631,-0.03554600104689598,-0.005410999990999699,0,0.03553900122642517,0.953702986240387,0.29864200949668884,0,-0.00545499986037612,-0.29864099621772766,0.9543499946594238,0,0.0025839998852461576,2.527385950088501,0,1,0.999468982219696,-0.032221000641584396,-0.004860000219196081,0,0.03227600082755089,0.9583830237388611,0.2836570143699646,0,-0.004482000134885311,-0.2836630046367645,0.9589139819145203,0,-0.0013210000470280647,2.0034079551696777,0,1,0.24523800611495972,-0.023260999470949173,0.9691839814186096,0,-0.8192269802093506,-0.5395339727401733,0.19434499740600586,0,0.5183860063552856,-0.8416429758071899,-0.15137000381946564,0,-5.949117183685303,13.24782943725586,-0.06729400157928467,1,0.8590819835662842,-0.37251999974250793,0.35100799798965454,0,0.012284999713301659,0.7005900144577026,0.7134590148925781,0,-0.5116909742355347,-0.6086069941520691,0.606440007686615,0,0,12.47215461730957,0,1,0.9931520223617554,-0.11652500182390213,-0.008475000038743019,0,0.11654599756002426,0.9931830167770386,0.001970000099390745,0,0.008187999948859215,-0.002945000072941184,0.9999619722366333,0,0,23.819854736328125,0,1,0.9478579759597778,0.11305099725723267,-0.2979690134525299,0,-0.06519000232219696,0.9839770197868347,0.16595099866390228,0,0.311955988407135,-0.13787299394607544,0.9400399923324585,0,0,24.55992317199707,0,1,0.8964639902114868,-0.4321349859237671,0.09804199635982513,0,0.3769659996032715,0.8600299954414368,0.3438679873943329,0,-0.23291699588298798,-0.27130699157714844,0.9338859915733337,0,2.8124940395355225,2.4428489208221436,1.2349599599838257,1,0.9383400082588196,0.3246079981327057,0.11894000321626663,0,-0.30482399463653564,0.9391589760780334,-0.15831300616264343,0,-0.16309399902820587,0.112295001745224,0.9801989793777466,0,0.6044420003890991,3.080981969833374,0,1,0.9931020140647888,0.010989000089466572,-0.116737000644207,0,-0.04814799875020981,0.9460060000419617,-0.3205539882183075,0,0.10691200196743011,0.3239629864692688,0.9400089979171753,0,-0.3269079923629761,3.048922061920166,0,1,0.9915590286254883,-0.12965700030326843,0.0003980000037699938,0,0.12898199260234833,0.986702024936676,0.09891100227832794,0,-0.01321799959987402,-0.09802500158548355,0.9950960278511047,0,3.3511319160461426,8.367222785949707,0.11076399683952332,1,0.9997079968452454,0.023871000856161118,0.0036460000555962324,0,-0.023868000134825706,0.9538819789886475,0.29923099279403687,0,0.003664999967440963,-0.29923099279403687,0.9541739821434021,0,-0.0027620000764727592,3.068336009979248,0,1,0.9999499917030334,0.009934999980032444,0.0007999999797903001,0,-0.009948999620974064,0.9900789856910706,0.14016099274158478,0,0.0006009999779053032,-0.14016200602054596,0.9901279807090759,0,0.002068999921903014,2.779745101928711,0,1,0.9975399971008301,-0.06995899975299835,-0.00432500010356307,0,0.06895100325345993,0.9683380126953125,0.23993000388145447,0,-0.01259700022637844,-0.23963800072669983,0.9707810282707214,0,0.9177520275115967,8.605759620666504,-0.1720310002565384,1,0.9997289776802063,0.023017000406980515,0.0035210000351071358,0,-0.023013999685645103,0.9537479877471924,0.2997240126132965,0,0.0035409999545663595,-0.2997240126132965,0.9540190100669861,0,-0.0013510000426322222,3.230443000793457,0,1,0.9997130036354065,0.023628000169992447,0.003918999806046486,0,-0.023654000833630562,0.9483050107955933,0.3164770007133484,0,0.0037620000075548887,-0.31647899746894836,0.9485920071601868,0,0.0006830000202171504,3.025536060333252,0,1,0.9985619783401489,-0.05341099947690964,-0.0046790000051259995,0,0.0519459992647171,0.9421650171279907,0.3310990035533905,0,-0.013275999575853348,-0.3308660089969635,0.9435840249061584,0,-1.1633100509643555,8.798321723937988,-0.2292110025882721,1,0.9996349811553955,0.026559000834822655,0.0048859999515116215,0,-0.02655000053346157,0.933542013168335,0.35748299956321716,0,0.004933000076562166,-0.357481986284256,0.9339069724082947,0,0.001307999948039651,2.6741080284118652,0,1,0.999675989151001,0.025165000930428505,0.003854000009596348,0,-0.02513200044631958,0.9512810111045837,0.3072989881038666,0,0.00406700000166893,-0.3072960078716278,0.9516050219535828,0,-0.0021780000533908606,2.63093900680542,0,1,0.9996039867401123,-0.024480000138282776,0.013881999999284744,0,0.01619799993932247,0.9038479924201965,0.4275459945201874,0,-0.023012999445199966,-0.42715200781822205,0.9038869738578796,0,-3.1055750846862793,7.894268035888672,0.22022999823093414,1,0.9998059868812561,0.019491000100970268,0.003008000086992979,0,-0.019495999440550804,0.9537969827651978,0.2998180091381073,0,0.0029750000685453415,-0.2998189926147461,0.9539920091629028,0,0.0028039999306201935,2.5099849700927734,0,1,0.9997979998588562,0.01991399936378002,0.0027050001081079245,0,-0.019859999418258667,0.9583899974822998,0.28477200865745544,0,0.0030789999291300774,-0.2847679853439331,0.9585919976234436,0,-0.0012519999872893095,2.0991809368133545,0,1,-0.9522010087966919,-0.13300299644470215,0.2749989926815033,0,0.16723200678825378,-0.9803190231323242,0.10492199659347534,0,0.2556309998035431,0.14589500427246094,0.955702006816864,0,9.392097473144531,-5.572212219238281,-0.09320899844169617,1,0.9976800084114075,0.06368099898099899,0.02407499961555004,0,-0.056738000363111496,0.9731850028038025,-0.22291700541973114,0,-0.03762499988079071,0.2210340052843094,0.9745399951934814,0,0,42.31831359863281,0,1,0.9917179942131042,-0.058444999158382416,0.11437000334262848,0,-0.0694509968161583,0.505029022693634,0.8603029847145081,0,-0.10804100334644318,-0.8611209988594055,0.49678701162338257,0,0,39.09965896606445,0,1,0.9998959898948669,-0.0006309999735094607,0.014437000267207623,0,-0.008430000394582748,0.785971999168396,0.6182050108909607,0,-0.011737000197172165,-0.618261992931366,0.7858840227127075,0,0,14.706199645996094,0,1,-0.9835140109062195,-0.04549900069832802,-0.17501300573349,0,0.05961000174283981,-0.9953060150146484,-0.07623499631881714,0,-0.17072300612926483,-0.08540999889373779,0.9816100001335144,0,-9.392097473144531,-5.572212219238281,-0.01522899977862835,1,0.9846410155296326,-0.046484000980854034,-0.16828800737857819,0,0.035930998623371124,0.997223973274231,-0.06521700322628021,0,0.17085300385951996,0.05816899985074997,0.9835780262947083,0,0,42.325950622558594,0,1,0.9907150268554688,-0.010847000405192375,-0.1355230063199997,0,0.12524500489234924,0.4606289863586426,0.878711998462677,0,0.052893999963998795,-0.8875259757041931,0.45771101117134094,0,0,39.093318939208984,0,1,0.9998940229415894,0.0008210000232793391,-0.014520999975502491,0,0.008856999687850475,0.757548987865448,0.6527180075645447,0,0.011536000296473503,-0.6527780294418335,0.7574620246887207,0,0,14.599909782409668,0,1
K0.033,0.9941419959068298,-0.0523420013487339,0.0945649966597557,0,0.05814899876713753,0.9965190291404724,-0.05973699688911438,0,-0.09110900014638901,0.06488599628210068,0.9937250018119812,0,0.30574700236320496,94.88861083984375,-0.04778595268726349,1,0.9988279938697815,0.041916001588106155,-0.024204997345805168,0,-0.041356999427080154,0.9988769888877869,0.023123998194932938,0,0.025146998465061188,-0.022095998749136925,0.9994400143623352,0,0,10.058830261230469,-0.35815998911857605,1,0.9996160268783569,0.027372999116778374,-0.00437199929729104,0,-0.027279000729322433,0.9994230270385742,0.020222999155521393,0,0.004922999069094658,-0.020096000283956528,0.9997860193252563,0,0,11.74275016784668,0,1,0.9996119737625122,0.027445999905467033,-0.004765999037772417,0,-0.027347000315785408,0.9994300007820129,0.01978299953043461,0,0.005305998958647251,-0.019644999876618385,0.9997929930686951,0,0,13.420266151428223,0,1,0.9999669790267944,0.007698000408709049,0.0024220000486820936,0,-0.007952000014483929,0.9910330176353455,0.13338199257850647,0,-0.0013729998609051108,-0.13339699804782867,0.9910619854927063,0,0,15.097818374633789,0,1,0.9997109770774841,-0.004584000911563635,-0.023612000048160553,0,0.0014370008138939738,0.9912999868392944,-0.13161000609397888,0,0.024010000750422478,0.1315380036830902,0.9910200238227844,0,0,8.0855712890625,2.687786102294922,1,0.28234899044036865,0.019209999591112137,-0.9591190218925476,0,0.8306149840354919,-0.5051079988479614,0.23440200090408325,0,-0.4799560010433197,-0.8628420233726501,-0.1585730016231537,0,5.949117183685303,13.24772834777832,-0.06445100158452988,1,0.9371100068092346,0.2945129871368408,-0.18731600046157837,0,-0.023569995537400246,0.58884197473526,0.8079040050506592,0,0.3482379913330078,-0.7526800036430359,0.5587509870529175,0,0,12.47215461730957,0,1,0.9996449947357178,0.02540999837219715,0.00798999983817339,0,-0.02541399747133255,0.9996770024299622,0.0004429999680723995,0,-0.00797600019723177,-0.0006459999131038785,0.9999679923057556,0,0,23.81488037109375,0,1,0.8499500155448914,-0.08275900036096573,0.5203229784965515,0,0.004814002197235823,0.9887650012969971,0.14940300583839417,0,-0.5268419981002808,-0.1244800016283989,0.8407989740371704,0,0,24.556316375732422,0,1,0.9158499836921692,0.38332799077033997,-0.11948999762535095,0,-0.3229610025882721,0.8801029920578003,0.34801700711250305,0,0.2385679930448532,-0.2801400125026703,0.9298419952392578,0,-2.8319809436798096,2.535861015319824,1.178056001663208,1,0.9460999965667725,-0.298675000667572,-0.12525500357151031,0,0.2724609971046448,0.9430649876594543,-0.19077099859714508,0,0.17510199546813965,0.14636099338531494,0.9736109972000122,0,-0.6523659825325012,3.11625599861145,0,1,0.9773349761962891,0.17464399337768555,0.11964999884366989,0,-0.13641199469566345,0.9517379999160767,-0.2749289870262146,0,-0.16189000010490417,0.252375990152359,0.9539899826049805,0,0.14303800463676453,3.05609393119812,0,1,0.9920060038566589,0.12619200348854065,-0.00016999999934341758,0,-0.12532499432563782,0.9853420257568359,0.11573699861764908,0,0.014773000031709671,-0.11479000002145767,0.9932799935340881,0,-3.3362889289855957,8.315775871276855,0.10196399688720703,1,0.9992349743843079,-0.038686998188495636,-0.005741999950259924,0,0.038637999445199966,0.953711986541748,0.298227995634079,0,-0.006060999818146229,-0.29822099208831787,0.9544780254364014,0,0.012763000093400478,3.045654058456421,0,1,0.9998509883880615,-0.017179999500513077,-0.001420999993570149,0,0.01720999926328659,0.9900450110435486,0.1396940052509308,0,-0.0009929999941959977,-0.13969700038433075,0.9901940226554871,0,-0.004546999931335449,2.8067469596862793,0,1,0.9981600046157837,0.06058700010180473,0.0023799999617040157,0,-0.05920200049877167,0.9653499722480774,0.2541539967060089,0,0.013101000338792801,-0.2538279891014099,0.9671609997749329,0,-0.9020190238952637,8.435626029968262,-0.14152300357818604,1,0.9992759823799133,-0.037622999399900436,-0.005714000202715397,0,0.03761199861764908,0.9535970091819763,0.2987290024757385,0,-0.005789999850094318,-0.29872700572013855,0.954321026802063,0,0.009087000042200089,3.193608045578003,0,1,0.9994000196456909,-0.03409399837255478,-0.0060709998942911625,0,0.03426799923181534,0.948328971862793,0.3154340088367462,0,-0.004997999873012304,-0.3154529929161072,0.9489279985427856,0,-0.005787999834865332,3.0851590633392334,0,1,0.9992210268974304,0.03942200168967247,0.0020379999186843634,0,-0.03771200031042099,0.9380940198898315,0.3443230092525482,0,0.011661999858915806,-0.3441309928894043,0.9388489723205566,0,1.1323939561843872,8.43670654296875,-0.2071090042591095,1,0.999023973941803,-0.04341299831867218,-0.00808900035917759,0,0.04344499856233597,0.9333930015563965,0.3562160134315491,0,-0.007914000190794468,-0.356220006942749,0.9343690276145935,0,0.0022269999608397484,2.7408010959625244,0,1,0.9994760155677795,-0.03196199983358383,-0.0051739998161792755,0,0.0320109985768795,0.9514189958572388,0.30623000860214233,0,-0.004865000024437904,-0.3062349855899811,0.9519429802894592,0,-0.00520800007507205,2.757575035095215,0,1,0.9999099969863892,0.005257000215351582,-0.012326999567449093,0,0.000686999992467463,0.8985229730606079,0.43892601132392883,0,0.013384000398218632,-0.43889498710632324,0.8984389901161194,0,3.105915069580078,8.079448699951172,0.09296099841594696,1,0.9993529915809631,-0.03554600104689598,-0.005410999990999699,0,0.03553900122642517,0.953702986240387,0.29864200949668884,0,-0.00545499986037612,-0.29864099621772766,0.9543499946594238,0,0.0025839998852461576,2.527385950088501,0,1,0.999468982219696,-0.032221999019384384,-0.004860000219196081,0,0.03227600082755089,0.9583830237388611,0.2836570143699646,0,-0.004482000134885311,-0.2836630046367645,0.9589139819145203,0,-0.0013210000470280647,2.0034079551696777,0,1,0.24530799686908722,-0.02326199971139431,0.9691659808158875,0,-0.8193050026893616,-0.5393840074539185,0.19442999362945557,0,0.5182300209999084,-0.8417379856109619,-0.1513739973306656,0,-5.949117183685303,13.24782943725586,-0.06729400157928467,1,0.8590499758720398,-0.37252700328826904,0.35107800364494324,0,0.012279000133275986,0.7006450295448303,0.7134039998054504,0,-0.5117440223693848,-0.6085389852523804,0.6064640283584595,0,0,12.47215461730957,0,1,0.9931600093841553,-0.116457000374794,-0.008476000279188156,0,0.11647800356149673,0.9931910037994385,0.001969000091776252,0,0.008189000189304352,-0.0029430000577121973,0.9999619722366333,0,0,23.819854736328125,0,1,0.9479010105133057,0.11306300014257431,-0.29782700538635254,0,-0.06521400064229965,0.9839699864387512,0.16598199307918549,0,0.31182000041007996,-0.13791200518608093,0.9400789737701416,0,0,24.55992317199707,0,1,0.8964629769325256,-0.43213599920272827,0.09804099798202515,0,0.3769659996032715,0.8600299954414368,0.34386900067329407,0,-0.232915997505188,-0.2713080048561096,0.9338849782943726,0,2.8124940395355225,2.4428489208221436,1.2349599599838257,1,0.9383400082588196,0.3246079981327057,0.11894100159406662,0,-0.30482399463653564,0.9391589760780334,-0.15831300616264343,0,-0.16309399902820587,0.11229600012302399,0.9801989793777466,0,0.6044420003890991,3.080981969833374,0,1,0.9931020140647888,0.010989000089466572,-0.11673799902200699,0,-0.048149000853300095,0.9460060000419617,-0.3205539882183075,0,0.10691200196743011,0.3239629864692688,0.9400089979171753,0,-0.3269079923629761,3.048922061920166,0,1,0.9915590286254883,-0.12965700030326843,0.0003980000037699938,0,0.12898199260234833,0.986702024936676,0.09891200065612793,0,-0.01321799959987402,-0.09802599996328354,0.9950960278511047,0,3.3511319160461426,8.367222785949707,0.11076399683952332,1,0.9997079968452454,0.023871000856161118,0.0036460000555962324,0,-0.023868000134825706,0.9538819789886475,0.29923099279403687,0,0.003664999967440963,-0.29923099279403687,0.9541739821434021,0,-0.0027620000764727592,3.068336009979248,0,1,0.9999499917030334,0.009934999980032444,0.0007999999797903001,0,-0.009948999620974064,0.9900789856910706,0.14016099274158478,0,0.0006009999779053032,-0.14016200602054596,0.9901279807090759,0,0.002068999921903014,2.779745101928711,0,1,0.9975399971008301,-0.06995899975299835,-0.00432500010356307,0,0.06895100325345993,0.9683380126953125,0.23993000388145447,0,-0.01259700022637844,-0.23963800072669983,0.9707810282707214,0,0.9177520275115967,8.605759620666504,-0.1720310002565384,1,0.9997289776802063,0.023017000406980515,0.0035210000351071358,0,-0.023013999685645103,0.9537479877471924,0.2997249960899353,0,0.0035409999545663595,-0.2997240126132965,0.9540190100669861,0,-0.0013510000426322222,3.230443000793457,0,1,0.9997130036354065,0.023628000169992447,0.003918999806046486,0,-0.023653000593185425,0.9483050107955933,0.3164770007133484,0,0.0037620000075548887,-0.31647899746894836,0.9485920071601868,0,0.0006830000202171504,3.025536060333252,0,1,0.9985619783401489,-0.05341099947690964,-0.00467800023034215,0,0.0519459992647171,0.9421650171279907,0.3310999870300293,0,-0.013276999816298485,-0.3308669924736023,0.9435840249061584,0,-1.1633100509643555,8.798321723937988,-0.2292110025882721,1,0.9996349811553955,0.026559000834822655,0.004885000176727772,0,-0.02655000053346157,0.933542013168335,0.35748299956321716,0,0.004933999851346016,-0.357481986284256,0.9339069724082947,0,0.001307999948039651,2.6741080284118652,0,1,0.999675989151001,0.025165000930428505,0.003855000017210841,0,-0.02513200044631958,0.9512810111045837,0.3072989881038666,0,0.00406600022688508,-0.3072960078716278,0.9516050219535828,0,-0.0021780000533908606,2.63093900680542,0,1,0.9996039867401123,-0.024480000138282776,0.013880999758839607,0,0.01619799993932247,0.9038479924201965,0.4275459945201874,0,-0.023012999445199966,-0.42715200781822205,0.9038869738578796,0,-3.1055750846862793,7.894268035888672,0.22022999823093414,1,0.9998059868812561,0.019491000100970268,0.003008000086992979,0,-0.019495999440550804,0.9537969827651978,0.2998180091381073,0,0.002974000060930848,-0.2998189926147461,0.9539920091629028,0,0.0028039999306201935,2.5099849700927734,0,1,0.9997979998588562,0.01991399936378002,0.0027050001081079245,0,-0.019859999418258667,0.9583899974822998,0.28477200865745544,0,0.0030789999291300774,-0.2847679853439331,0.9585909843444824,0,-0.0012519999872893095,2.0991809368133545,0,1,-0.9522579908370972,-0.13294300436973572,0.2748270034790039,0,0.1672389954328537,-0.9802790284156799,0.10527899861335754,0,0.2554109990596771,0.14621500670909882,0.9557129740715027,0,9.392097473144531,-5.572212219238281,-0.09320899844169617,1,0.9976760149002075,0.06370799988508224,0.02415500208735466,0,-0.05674400180578232,0.9731680154800415,-0.22298799455165863,0,-0.037713002413511276,0.22109900414943695,0.9745219945907593,0,0,42.31831359863281,0,1,0.9917179942131042,-0.058444999158382416,0.11436700075864792,0,-0.06944199651479721,0.5050860047340393,0.8602709770202637,0,-0.10804399847984314,-0.8610879778862,0.49684399366378784,0,0,39.09965896606445,0,1,0.9998949766159058,-0.0006319999811239541,0.014445999637246132,0,-0.008435999974608421,0.7859219908714294,0.6182680130004883,0,-0.011745000258088112,-0.6183249950408936,0.7858350276947021,0,0,14.706199645996094,0,1,-0.9835219979286194,-0.04557399824261665,-0.1749510020017624,0,0.05968200042843819,-0.9953010082244873,-0.0762460008263588,0,-0.1706549972295761,-0.08543100208044052,0.9816200137138367,0,-9.392097473144531,-5.572212219238281,-0.01522899977862835,1,0.9846439957618713,-0.046376001089811325,-0.1683029979467392,0,0.035937000066041946,0.9972670078277588,-0.06454699486494064,0,0.17083600163459778,0.057507991790771484,0.9836199879646301,0,0,42.325950622558594,0,1,0.9907090067863464,-0.010936001315712929,-0.13555799424648285,0,0.12529900670051575,0.4609279930591583,0.8785470128059387,0,0.05287500098347664,-0.8873699903488159,0.4580160081386566,0,0,39.093318939208984,0,1,0.9998940229415894,0.0008200000156648457,-0.014510000124573708,0,0.008848999626934528,0.7576090097427368,0.6526489853858948,0,0.011528000235557556,-0.6527090072631836,0.7575209736824036,0,0,14.599909782409668,0,1
