1.167,30,35,65
B0,mixamorig_Hips,-1,0.9864078164100647,0.04944837838411331,-0.15662822127342224,0,-0.047742266207933426,0.9987429976463318,0.01470108050853014,0,0.15716862678527832,-0.007033941335976124,0.9875359535217285,0,2.10247540473938,89.5075454711914,0.554435133934021,1
B1,mixamorig_Spine,0,0.9912481307983398,-0.012819440104067326,0.13128156960010529,0,0.007915996946394444,0.9992497563362122,0.03777749463915825,0,-0.1316666454076767,-0.03642046079039574,0.9906155467033386,0,0,10.058799743652344,-0.3582000136375427,1
B2,mixamorig_Spine1,1,0.9993432760238647,-0.000024643006327096373,0.03620509058237076,0,-0.00032861236832104623,0.9999520182609558,0.009779858402907848,0,-0.03620457649230957,-0.009785640053451061,0.9992955327033997,0,0,11.742799758911133,0,1
B3,mixamorig_Spine2,2,0.9993442296981812,0.000035918059438699856,0.03618323430418968,0,-0.00039217344601638615,0.9999510049819946,0.009883830323815346,0,-0.03618168458342552,-0.009891758672893047,0.9992955327033997,0,0,13.420299530029297,0,1
B4,mixamorig_Neck,3,0.9999744892120361,-0.005279946606606245,-0.004774221684783697,0,0.005308643914759159,0.9999685287475586,0.005964844487607479,0,0.004742780700325966,-0.0059903948567807674,0.9999702572822571,0,0,15.097800254821777,0,1
B5,mixamorig_Head,4,0.9994435906410217,-0.021906595677137375,0.02502118982374668,0,0.023911358788609505,0.9962941408157349,-0.08250099420547485,0,-0.02312607318162918,0.08305127173662186,0.9962654709815979,0,0,8.085599899291992,2.6877999305725098,1
B6,mixamorig_HeadTop_End,5,1,0,0,0,0,1,0,0,0,0,1,0,0,21.49920082092285,7.146699905395508,1
B7,mixamorig_LeftShoulder,3,0.11479271203279495,0.008848333731293678,-0.9933493137359619,0,0.7945538759231567,-0.6010032892227173,0.08646716177463531,0,-0.5962411761283875,-0.7991968989372253,-0.07602088898420334,0,5.949100017547607,13.247699737548828,-0.06449999660253525,1
B8,mixamorig_LeftArm,7,0.873205840587616,0.4740058481693268,0.11299923807382584,0,-0.46315979957580566,0.7352924942970276,0.4947371482849121,0,0.15142060816287994,-0.4843898117542267,0.86164391040802,0,0,12.472200393676758,0,1
B9,mixamorig_LeftForeArm,8,0.9016068577766418,0.4324449598789215,0.009699459187686443,0,-0.43251901865005493,0.9015918970108032,0.007542066276073456,0,-0.005483439192175865,-0.010995378717780113,0.9999249577522278,0,0,23.814899444580078,0,1
B10,mixamorig_LeftHand,9,0.9894631505012512,0.12008316814899445,0.08080233633518219,0,-0.09580586105585098,0.9618266224861145,-0.25631386041641235,0,-0.10850419849157333,0.24587923288345337,0.9632008671760559,0,0,24.556299209594727,0,1
B11,mixamorig_LeftHandThumb1,10,0.8980950117111206,0.4193260073661804,-0.13263000547885895,0,-0.3911359906196594,0.8994200229644775,0.19507800042629242,0,0.20109200477600098,-0.1233220025897026,0.9717789888381958,0,-2.8320000171661377,2.535900115966797,1.1780999898910522,1
B12,mixamorig_LeftHandThumb2,11,0.9837003350257874,-0.16140684485435486,-0.07925190776586533,0,0.173812136054039,0.966451108455658,0.18910464644432068,0,0.04607020318508148,-0.1997973769903183,0.9787533283233643,0,-0.652400016784668,3.116300106048584,0,1
B13,mixamorig_LeftHandThumb3,12,0.8589945435523987,0.49271759390830994,-0.1390806883573532,0,-0.5020656585693359,0.7574987411499023,-0.4172712564468384,0,-0.10025155544281006,0.4282679259777069,0.8980683088302612,0,0.14300000667572021,3.0560998916625977,0,1
B14,mixamorig_LeftHandThumb4,13,1,0,0,0,0,1,0,0,0,0,1,0,0.5092999935150146,2.3287999629974365,0,1
B15,mixamorig_LeftHandIndex1,10,0.9956755042076111,0.09061608463525772,0.020473571494221687,0,-0.09140248596668243,0.9161266088485718,0.3903275728225708,0,0.016613973304629326,-0.39051181077957153,0.9204480051994324,0,-3.3362998962402344,8.315799713134766,0.10199999809265137,1
B16,mixamorig_LeftHandIndex2,15,0.9986661076545715,-0.050571151077747345,-0.010427562519907951,0,0.05044107884168625,0.9123120903968811,0.4063764810562134,0,-0.011037892661988735,-0.4063604474067688,0.9136459827423096,0,0.012799999676644802,3.0457000732421875,0,1
B17,mixamorig_LeftHandIndex3,16,0.9997608065605164,-0.021741386502981186,-0.002305637812241912,0,0.021799791604280472,0.9832150340080261,0.18112725019454956,0,-0.00167225138284266,-0.18113429844379425,0.9834542274475098,0,-0.0044999998062849045,2.8066999912261963,0,1
B18,mixamorig_LeftHandIndex4,17,1,0,0,0,0,1,0,0,0,0,1,0,-0.008200000040233135,2.4400999546051025,0,1
B19,mixamorig_LeftHandMiddle1,10,0.9998482465744019,0.010419847443699837,-0.01394741702824831,0,-0.001513005350716412,0.8501037955284119,0.5266119837760925,0,0.01734452322125435,-0.526511549949646,0.8499912619590759,0,-0.9020000100135803,8.435600280761719,-0.14149999618530273,1
B20,mixamorig_LeftHandMiddle2,19,0.9985081553459167,-0.05321018025279045,-0.01225763838738203,0,0.053159065544605255,0.8959831595420837,0.44089260697364807,0,-0.012477896176278591,-0.44088658690452576,0.897475004196167,0,0.009100000374019146,3.1935999393463135,0,1
B21,mixamorig_LeftHandMiddle3,20,0.9995340704917908,-0.030158663168549538,-0.004795141518115997,0,0.030295919626951218,0.9596243500709534,0.2796458601951599,0,-0.003833260154351592,-0.2796608805656433,0.9600902795791626,0,-0.005799999926239252,3.085200071334839,0,1
B22,mixamorig_LeftHandMiddle4,21,1,0,0,0,0,1,0,0,0,0,1,0,-0.0032999999821186066,2.6928999423980713,0,1
B23,mixamorig_LeftHandRing1,10,0.99833083152771,-0.03971165791153908,-0.04193177819252014,0,0.05619480088353157,0.8354354500770569,0.5467062592506409,0,0.013320459052920341,-0.5481507182121277,0.8362734913825989,0,1.1324000358581543,8.436699867248535,-0.2071000039577484,1
B24,mixamorig_LeftHandRing2,23,0.997163712978363,-0.07128583639860153,-0.02413267455995083,0,0.07143791019916534,0.7956552505493164,0.6015219688415527,0,-0.02367849089205265,-0.6015400290489197,0.7984915971755981,0,0.002199999988079071,2.740799903869629,0,1
B25,mixamorig_LeftHandRing3,24,0.9998244047164917,-0.018643086776137352,-0.0019149839645251632,0,0.018666159361600876,0.9815351366996765,0.19036352634429932,0,-0.0016688371542841196,-0.1903664916753769,0.9817107319831848,0,-0.005200000014156103,2.7576000690460205,0,1
B26,mixamorig_LeftHandRing4,25,1,0,0,0,0,1,0,0,0,0,1,0,0.003000000026077032,2.2850000858306885,0,1
B27,mixamorig_LeftHandPinky1,10,0.9998568892478943,-0.00064888596534729,-0.016934571787714958,0,0.008909640833735466,0.8701367974281311,0.49272575974464417,0,0.014415998011827469,-0.49280601739883423,0.8700178861618042,0,3.1059000492095947,8.079400062561035,0.09300000220537186,1
B28,mixamorig_LeftHandPinky2,27,0.998894453048706,-0.046072542667388916,-0.009359326213598251,0,0.04605550691485405,0.9189892411231995,0.39158087968826294,0,-0.009440473280847073,-0.39157888293266296,0.9200947880744934,0,0.0026000000070780516,2.527400016784668,0,1
B29,mixamorig_LeftHandPinky3,28,0.9995619654655457,-0.02930712141096592,-0.004020884167402983,0,0.029352232813835144,0.9657132029533386,0.25794127583503723,0,-0.0036775171756744385,-0.25794631242752075,0.966151237487793,0,-0.0013000000035390258,2.0034000873565674,0,1
B30,mixamorig_LeftHandPinky4,29,1,0,0,0,0,1,0,0,0,0,1,0,-0.0013000000035390258,1.8545000553131104,0,1
B31,mixamorig_RightShoulder,3,-0.060027796775102615,-0.02110905572772026,0.9979718923568726,0,-0.8298166990280151,-0.5546186566352844,-0.0616445317864418,0,0.55479496717453,-0.8318370580673218,0.0157752875238657,0,-5.949100017547607,13.24779987335205,-0.06729999929666519,1
B32,mixamorig_RightArm,31,0.9587964415550232,0.21883419156074524,0.18112881481647491,0,-0.2821524739265442,0.6595951914787292,0.6966444253921509,0,0.03297262638807297,-0.719050407409668,0.694171667098999,0,0,12.472200393676758,0,1
B33,mixamorig_RightForeArm,32,0.9924763441085815,-0.12214141339063644,-0.008487404324114323,0,0.12216244637966156,0.9925073385238647,0.0020663042087107897,0,0.008171375840902328,-0.0030869562178850174,0.9999619722366333,0,0,23.819900512695312,0,1
B34,mixamorig_RightHand,33,0.9033617973327637,0.16662859916687012,0.3951735198497772,0,-0.18610498309135437,0.9824615716934204,0.011181462556123734,0,-0.38637760281562805,-0.08363884687423706,0.9185352921485901,0,0,24.559900283813477,0,1
B35,mixamorig_RightHandThumb1,34,0.8658289909362793,-0.5001950263977051,0.012041999958455563,0,0.48531100153923035,0.8454340100288391,0.2229669988155365,0,-0.1217079609632492,-0.18720699846744537,0.9747520089149475,0,2.8125,2.4428000450134277,1.2350000143051147,1
B36,mixamorig_RightHandThumb2,35,0.9819930195808411,0.17070628702640533,0.080921970307827,0,-0.17176251113414764,0.9851189851760864,0.0062325336039066315,0,-0.07865328341722488,-0.02001921460032463,0.9967012405395508,0,0.6043999791145325,3.0810000896453857,0,1
B37,mixamorig_RightHandThumb3,36,0.9435106515884399,-0.23468607664108276,0.23384925723075867,0,0.29430678486824036,0.9178665280342102,-0.26621678471565247,0,-0.15214760601520538,0.32001280784606934,0.9350987672805786,0,-0.32690000534057617,3.0488998889923096,0,1
B38,mixamorig_RightHandThumb4,37,1,0,0,0,0,1,0,0,0,0,1,0,-0.2775000035762787,2.5511999130249023,0,1
B39,mixamorig_RightHandIndex1,34,0.9978188276290894,-0.06599429249763489,-0.0009280975209549069,0,0.06450069695711136,0.9720760583877563,0.22551368176937103,0,-0.01397329568862915,-0.22508233785629272,0.9742141962051392,0,3.351099967956543,8.367199897766113,0.11079999804496765,1
B40,mixamorig_RightHandIndex2,39,0.9990333914756775,0.042143769562244415,0.012506481260061264,0,-0.0421258844435215,0.8364959359169006,0.5463008880615234,0,0.01256533432751894,-0.5462998747825623,0.8374624848365784,0,-0.00279999990016222,3.0683000087738037,0,1
B41,mixamorig_RightHandIndex3,40,0.9998821020126343,0.015272610820829868,0.0017769936239346862,0,-0.015302353538572788,0.9771227240562439,0.21205362677574158,0,0.001504058251157403,-0.21205563843250275,0.977241575717926,0,0.002099999925121665,2.7797000408172607,0,1
B42,mixamorig_RightHandIndex4,41,1,0,0,0,0,1,0,0,0,0,1,0,0.000699999975040555,2.4900999069213867,0,1
B43,mixamorig_RightHandMiddle1,34,0.9996747374534607,0.00390659598633647,0.025181371718645096,0,-0.014909160323441029,0.8910737037658691,0.45355215668678284,0,-0.020657965913414955,-0.4537803828716278,0.8908433318138123,0,0.9178000092506409,8.605799674987793,-0.1720000058412552,1
B44,mixamorig_RightHandMiddle2,43,0.9991306066513062,0.0400816984474659,0.011434907093644142,0,-0.04006181284785271,0.8477926254272461,0.5287742614746094,0,0.011502687819302082,-0.528773307800293,0.8486610651016235,0,-0.00139999995008111,3.2304000854492188,0,1
B45,mixamorig_RightHandMiddle3,44,0.9999299645423889,0.011806688271462917,0.0009796367958188057,0,-0.011813579127192497,0.9873635768890381,0.1579086035490036,0,0.0009002609294839203,-0.1579086035490036,0.9874335527420044,0,0.000699999975040555,3.0255000591278076,0,1
B46,mixamorig_RightHandMiddle4,45,1,0,0,0,0,1,0,0,0,0,1,0,0.000699999975040555,2.688800096511841,0,1
B47,mixamorig_RightHandRing1,34,0.995753288269043,0.061089515686035156,0.06884553283452988,0,-0.08976583927869797,0.809907853603363,0.5795943140983582,0,-0.020339129492640495,-0.5833141207695007,0.811954915523529,0,-1.1633000373840332,8.798299789428711,-0.22920000553131104,1
B48,mixamorig_RightHandRing2,47,0.9992917776107788,0.03644575923681259,0.009360246360301971,0,-0.03642097860574722,0.8743599057197571,0.48385754227638245,0,0.009453806094825268,-0.48385557532310486,0.8750691413879395,0,0.0013000000035390258,2.674099922180176,0,1
B49,mixamorig_RightHandRing3,48,0.9998317956924438,0.01824491284787655,0.0019291930366307497,0,-0.01822509616613388,0.9756845235824585,0.21830928325653076,0,0.002104678889736533,-0.21830731630325317,0.9758527278900146,0,-0.002199999988079071,2.6308999061584473,0,1
B50,mixamorig_RightHandRing4,49,1,0,0,0,0,1,0,0,0,0,1,0,0.0008999999845400453,2.160599946975708,0,1
B51,mixamorig_RightHandPinky1,34,0.998999297618866,0.019461046904325485,0.040220726281404495,0,-0.04012814164161682,0.7865647077560425,0.6161584854125977,0,-0.019632061943411827,-0.6171578168869019,0.786562442779541,0,-3.105600118637085,7.8942999839782715,0.22020000219345093,1
B52,mixamorig_RightHandPinky2,51,0.9991628527641296,0.03896882012486458,0.012407233938574791,0,-0.03902452439069748,0.8178070187568665,0.5741217136383057,0,0.0122298588976264,-0.5741257071495056,0.8186431527137756,0,0.00279999990016222,2.509999990463257,0,1
B53,mixamorig_RightHandPinky3,52,0.999626636505127,0.026843300089240074,0.005068398546427488,0,-0.026740072295069695,0.9235840439796448,0.38238853216171265,0,0.005587378982454538,-0.3823806047439575,0.9239574074745178,0,-0.0013000000035390258,2.0992000102996826,0,1
B54,mixamorig_RightHandPinky4,53,1,0,0,0,0,1,0,0,0,0,1,0,-0.0015999999595806003,1.8456000089645386,0,1
B55,mixamorig_LeftUpLeg,0,-0.9919586181640625,-0.003046234603971243,0.12637898325920105,0,-0.03572513163089752,-0.9521442651748657,-0.3033403158187866,0,0.1213170513510704,-0.3054255247116089,0.9444060325622559,0,9.39210033416748,-5.572199821472168,-0.09319999814033508,1
B56,mixamorig_LeftLeg,55,0.9895613193511963,-0.02372012659907341,-0.14204104244709015,0,-0.01679438166320324,0.9605821967124939,-0.27742984890937805,0,0.14301522076129913,0.27692195773124695,0.9501866698265076,0,0,42.31829833984375,0,1
B57,mixamorig_LeftFoot,56,0.994576632976532,0.07614366710186005,0.07067327201366425,0,-0.08661296963691711,0.23410853743553162,0.9679527282714844,0,0.057258088141679764,-0.9688271284103394,0.23945608735084534,0,0,39.099700927734375,0,1
B58,mixamorig_LeftToeBase,57,0.9987980723381042,-0.009158894419670105,0.048058152198791504,0,-0.033947814255952835,0.5786978006362915,0.8144388198852539,0,-0.03522871807217598,-0.8150957822799683,0.5776912569999695,0,0,14.706199645996094,0,1
B59,mixamorig_LeftToe_End,58,1,0,0,0,0,1,0,0,0,0,1,0,0,5.953800201416016,0,1
B60,mixamorig_RightUpLeg,0,-0.9898499846458435,0.03874215856194496,-0.13659164309501648,0,-0.1087755411863327,-0.8252101540565491,0.5541591644287109,0,-0.0912007987499237,0.5634162425994873,0.8210844397544861,0,-9.39210033416748,-5.572199821472168,-0.015200000256299973,1
B61,mixamorig_RightLeg,60,0.9863228797912598,-0.026415251195430756,-0.16266396641731262,0,-0.004884864669293165,0.9818915128707886,-0.18913471698760986,0,0.16474245488643646,0.18734639883041382,0.9683358669281006,0,0,42.32600021362305,0,1
B62,mixamorig_RightFoot,61,0.9904779195785522,0.04995495453476906,-0.12502121925354004,0,0.08665117621421814,0.4768718481063843,0.8745190501213074,0,0.1034981980919838,-0.8769992589950562,0.46833717823028564,0,0,39.093299865722656,0,1
B63,mixamorig_RightToeBase,62,0.9999009370803833,0.0007654805085621774,-0.01402941346168518,0,0.008534587919712067,0.7601779103279114,0.6496525406837463,0,0.011161452159285545,-0.6497081518173218,0.7600960731506348,0,0,14.599900245666504,0,1
B64,mixamorig_RightToe_End,63,1,0,0,0,0,1,0,0,0,0,1,0,0,6.036399841308594,0,1
@52,0,1,2,3,4,5,7,8,9,10,11,12,13,15,16,17,19,20,21,23,24,25,27,28,29,31,32,33,34,35,36,37,39,40,41,43,44,45,47,48,49,51,52,53,55,56,57,58,60,61,62,63
K0.000,0.9983109831809998,0.01592000015079975,-0.05586700141429901,0,-0.01914599910378456,0.9981510043144226,-0.05769199877977371,0,0.05484500154852867,0.058664001524448395,0.9967700242996216,0,0.04791700094938278,95.30565643310547,-0.1689790040254593,1,0.9999790191650391,0.002785000018775463,-0.005787000060081482,0,-0.002394000068306923,0.9977819919586182,0.06652499735355377,0,0.005960000213235617,-0.06650999933481216,0.997767984867096,0,0,10.058799743652344,-0.3582000136375427,1,0.9999899864196777,0.004133999813348055,-0.0014819999923929572,0,-0.0041160001419484615,0.9999269843101501,0.011338000185787678,0,0.0015290000010281801,-0.01133199967443943,0.99993497133255,0,0,11.742799758911133,0,1,0.9999899864196777,0.004135000053793192,-0.0014059999957680702,0,-0.004118999931961298,0.9999269843101501,0.011342000216245651,0,0.0014530000044032931,-0.011335999704897404,0.99993497133255,0,0,13.420299530029297,0,1,0.9999719858169556,0.0011210000375285745,0.007338999770581722,0,-0.0012550000101327896,0.9998319745063782,0.01826399937272072,0,-0.007317999843508005,-0.018272999674081802,0.9998059868812561,0,0,15.097800254821777,0,1,0.9967389702796936,-0.03752699866890907,0.07143300026655197,0,0.04082399979233742,0.9981399774551392,-0.04527200013399124,0,-0.06960099935531616,0.0480399988591671,0.9964169859886169,0,0,8.085599899291992,2.6877999305725098,1,0.04811299964785576,0.014713999815285206,-0.9987339973449707,0,0.8110160231590271,-0.5842300057411194,0.030463000759482384,0,-0.5830420255661011,-0.8114550113677979,-0.040042001754045486,0,5.949100017547607,13.247699737548828,-0.06449999660253525,1,0.9849309921264648,0.13181699812412262,-0.11195900291204453,0,-0.013015000149607658,0.7020210027694702,0.7120370268821716,0,0.17245599627494812,-0.6998500227928162,0.693157970905304,0,0,12.472200393676758,0,1,0.9895390272140503,0.14403200149536133,0.008166000247001648,0,-0.1440570056438446,0.9895660281181335,0.002512000035494566,0,-0.007718999870121479,-0.0036619999445974827,0.9999639987945557,0,0,23.814899444580078,0,1,0.9823660254478455,-0.038405999541282654,-0.18298299610614777,0,0.025299999862909317,0.9969789981842041,-0.07343000173568726,0,0.18524999916553497,0.06750600039958954,0.9803699851036072,0,0,24.556299209594727,0,1,0.8980950117111206,0.4193260073661804,-0.13263100385665894,0,-0.3911359906196594,0.899420976638794,0.19507800042629242,0,0.20109200477600098,-0.1233220025897026,0.9717789888381958,0,-2.8320000171661377,2.535900115966797,1.1780999898910522,1,0.9824510216712952,-0.16929100453853607,-0.07829800248146057,0,0.18153400719165802,0.964273989200592,0.19292600452899933,0,0.04284000024199486,-0.2037539929151535,0.9780840277671814,0,-0.652400016784668,3.116300106048584,0,1,0.8732969760894775,0.4750710129737854,-0.10798700153827667,0,-0.47711899876594543,0.789139986038208,-0.38680198788642883,0,-0.0985419973731041,0.38931599259376526,0.9158179759979248,0,0.14300000667572021,3.0560998916625977,0,1,0.9975230097770691,0.06833100318908691,0.016683999449014664,0,-0.06815800070762634,0.8804240226745605,0.4692640006542206,0,0.01737700030207634,-0.4692389965057373,0.8828999996185303,0,-3.3362998962402344,8.315799713134766,0.10199999809265137,1,0.998121976852417,-0.05938800051808357,-0.015003999695181847,0,0.059172000735998154,0.8715260028839111,0.4867649972438812,0,-0.015831999480724335,-0.48673900961875916,0.8734040260314941,0,0.012799999676644802,3.0457000732421875,0,1,0.9994339942932129,-0.03320800140500069,-0.005433000158518553,0,0.03337699919939041,0.9577900171279907,0.28552401065826416,0,-0.0042779999785125256,-0.2855429947376251,0.9583560228347778,0,-0.0044999998062849045,2.8066999912261963,0,1,0.9996910095214844,-0.005071999970823526,-0.02433600090444088,0,0.018654000014066696,0.800134003162384,0.5995320081710815,0,0.01643200032413006,-0.5997999906539917,0.7999809980392456,0,-0.9020000100135803,8.435600280761719,-0.14149999618530273,1,0.9979649782180786,-0.061462998390197754,-0.01695599965751171,0,0.06137999892234802,0.8541659712791443,0.5163649916648865,0,-0.017254000529646873,-0.5163549780845642,0.8562009930610657,0,0.009100000374019146,3.1935999393463135,0,1,0.9992520213127136,-0.03793700039386749,-0.007476999890059233,0,0.03815099969506264,0.9358279705047607,0.35038599371910095,0,-0.006295999977737665,-0.35040900111198425,0.9365760087966919,0,-0.005799999926239252,3.085200071334839,0,1,0.9956269860267639,-0.06541900336742401,-0.06668800115585327,0,0.09258799999952316,0.7859910130500793,0.611266016960144,0,0.012427999638020992,-0.6147670149803162,0.7886109948158264,0,1.1324000358581543,8.436699867248535,-0.2071000039577484,1,0.9965620040893555,-0.07747700065374374,-0.029340999200940132,0,0.07767099887132645,0.7505379915237427,0.6562470197677612,0,-0.028821999207139015,-0.6562700271606445,0.7539759874343872,0,0.002199999988079071,2.740799903869629,0,1,0.9996010065078735,-0.02795800007879734,-0.004015999846160412,0,0.027998000383377075,0.9620540142059326,0.2714200019836426,0,-0.0037249999586492777,-0.2714250087738037,0.9624530076980591,0,-0.005200000014156103,2.7576000690460205,0,1,0.9992340207099915,-0.023951999843120575,-0.030937999486923218,0,0.037349000573158264,0.8195409774780273,0.571802020072937,0,0.01165900006890297,-0.5725200176239014,0.8198080062866211,0,3.1059000492095947,8.079400062561035,0.09300000220537186,1,0.9983580112457275,-0.05555099993944168,-0.0139979999512434,0,0.055521998554468155,0.8780580163002014,0.47532200813293457,0,-0.01411299966275692,-0.4753180146217346,0.8797010183334351,0,0.0026000000070780516,2.527400016784668,0,1,0.9992420077323914,-0.03830600157380104,-0.006891000084578991,0,0.038385000079870224,0.9405900239944458,0.3373680114746094,0,-0.0064409999176859856,-0.33737701177597046,0.9413480162620544,0,-0.0013000000035390258,2.0034000873565674,0,1,-0.016002999618649483,-0.01934099942445755,0.9996849894523621,0,-0.8187680244445801,-0.5736140012741089,-0.024204999208450317,0,0.5739009976387024,-0.818897008895874,-0.0066559999249875546,0,-5.949100017547607,13.24779987335205,-0.06729999929666519,1,0.9904729723930359,-0.13256500661373138,0.03728700056672096,0,0.06885699927806854,0.7112410068511963,0.699567973613739,0,-0.11925800144672394,-0.6903349757194519,0.7135930061340332,0,0,12.472200393676758,0,1,0.9638000130653381,-0.26647499203681946,-0.00897200033068657,0,0.26652199029922485,0.9638180136680603,0.004507000092417002,0,0.007447000127285719,-0.0067349998280406,0.9999499917030334,0,0,23.819900512695312,0,1,0.9997140169143677,0.01044199988245964,0.021497000008821487,0,-0.009328999556601048,0.9986420273780823,-0.051249999552965164,0,-0.02200300060212612,0.051033999770879745,0.9984539747238159,0,0,24.559900283813477,0,1,0.8658289909362793,-0.5001950263977051,0.012041999958455563,0,0.48531100153923035,0.8454340100288391,0.2229669988155365,0,-0.12170799821615219,-0.18720699846744537,0.9747520089149475,0,2.8125,2.4428000450134277,1.2350000143051147,1,0.9613190293312073,0.2643359899520874,0.07741300016641617,0,-0.26928600668907166,0.9610339999198914,0.062442999333143234,0,-0.05789000168442726,-0.080874003469944,0.9950420260429382,0,0.6043999791145325,3.0810000896453857,0,1,0.9533889889717102,-0.23332299292087555,0.19133800268173218,0,0.27434998750686646,0.9342749714851379,-0.22773200273513794,0,-0.12562699615955353,0.2696110010147095,0.9547399878501892,0,-0.32690000534057617,3.0488998889923096,0,1,0.9975280165672302,-0.06982699781656265,-0.007937000133097172,0,0.06790599972009659,0.9286239743232727,0.3647559881210327,0,-0.018099000677466393,-0.3643929958343506,0.931069016456604,0,3.351099967956543,8.367199897766113,0.11079999804496765,1,0.9985629916191101,0.05021199956536293,0.018735000863671303,0,-0.050182998180389404,0.7533299922943115,0.6557250022888184,0,0.01881200075149536,-0.655722975730896,0.7547670006752014,0,-0.00279999990016222,3.0683000087738037,0,1,0.9997249841690063,0.023118000477552414,0.003967000171542168,0,-0.023180000483989716,0.9478859901428223,0.317766010761261,0,0.003585000056773424,-0.31777000427246094,0.9481610059738159,0,0.002099999925121665,2.7797000408172607,0,1,0.9997349977493286,-0.01090999972075224,0.02027999982237816,0,-0.0023620000574737787,0.8274210095405579,0.5615770220756531,0,-0.02290700003504753,-0.5614759922027588,0.8271759748458862,0,0.9178000092506409,8.605799674987793,-0.1720000058412552,1,0.9987859725952148,0.04658599942922592,0.016019999980926514,0,-0.04655599966645241,0.7862529754638672,0.6161479949951172,0,0.01610800065100193,-0.6161450147628784,0.7874680161476135,0,-0.00139999995008111,3.2304000854492188,0,1,0.9998199939727783,0.01882299967110157,0.002474999986588955,0,-0.018838999792933464,0.9675430059432983,0.2520039975643158,0,0.002348999958485365,-0.252005010843277,0.96772301197052,0,0.000699999975040555,3.0255000591278076,0,1,0.9976130127906799,0.037046998739242554,0.05827200040221214,0,-0.06590799987316132,0.7625960111618042,0.6435080170631409,0,-0.020597999915480614,-0.64581298828125,0.7632179856300354,0,-1.1633000373840332,8.798299789428711,-0.22920000553131104,1,0.9990320205688477,0.042100001126527786,0.012725000269711018,0,-0.04206300154328346,0.8300989866256714,0.5560269951820374,0,0.01284599956125021,-0.5560240149497986,0.8310670256614685,0,0.0013000000035390258,2.674099922180176,0,1,0.999701976776123,0.02416200004518032,0.003531999886035919,0,-0.02413100004196167,0.9553760290145874,0.294404000043869,0,0.003739000065252185,-0.29440099000930786,0.9556750059127808,0,-0.002199999988079071,2.6308999061584473,0,1,0.9996200203895569,-0.019248999655246735,0.019742999225854874,0,0.0003870000073220581,0.7257320284843445,0.6879770159721375,0,-0.027571000158786774,-0.6877080202102661,0.7254639863967896,0,-3.105600118637085,7.8942999839782715,0.22020000219345093,1,0.9989960193634033,0.04227900132536888,0.014831000007689,0,-0.04234899953007698,0.7829549908638,0.6206349730491638,0,0.014627999626100063,-0.620639979839325,0.7839589715003967,0,0.00279999990016222,2.509999990463257,0,1,0.9994990229606628,0.030903000384569168,0.006837999913841486,0,-0.03076300024986267,0.897704005241394,0.43952301144599915,0,0.007443999871611595,-0.4395129978656769,0.8982049822807312,0,-0.0013000000035390258,2.0992000102996826,0,1,-0.9977440237998962,0.019578000530600548,0.06421300023794174,0,0.005431999918073416,-0.9298440217971802,0.36791399121284485,0,0.0669109970331192,0.36743301153182983,0.9276400208473206,0,9.39210033416748,-5.572199821472168,-0.09319999814033508,1,0.998947024345398,0.03181900084018707,0.03304100036621094,0,0.008902999572455883,0.5721089839935303,-0.8201289772987366,0,-0.04499899968504906,0.8195599913597107,0.5712230205535889,0,0,42.31829833984375,0,1,0.9938510060310364,0.009630000218749046,0.11030499637126923,0,-0.10240200161933899,0.4588649868965149,0.8825860023498535,0,-0.04211600124835968,-0.888454020023346,0.4570290148258209,0,0,39.099700927734375,0,1,0.9999880194664001,-0.000015999999959603883,0.004834999796003103,0,-0.0026660000439733267,0.8324880003929138,0.554036021232605,0,-0.0040339999832212925,-0.5540419816970825,0.8324790000915527,0,0,14.706199645996094,0,1,-0.9865270256996155,-0.007094999775290489,-0.16344299912452698,0,0.01652899943292141,-0.9982699751853943,-0.056432001292705536,0,-0.16276000440120697,-0.05837300047278404,0.9849370121955872,0,-9.39210033416748,-5.572199821472168,-0.015200000256299973,1,0.9979760050773621,0.045882001519203186,-0.0440329983830452,0,-0.050609998404979706,0.9922959804534912,-0.11308100074529648,0,0.03850499913096428,0.11508099734783173,0.992609977722168,0,0,42.32600021362305,0,1,0.984387993812561,-0.12738999724388123,-0.12145700305700302,0,0.16328999400138855,0.4033980071544647,0.9003369808197021,0,-0.065699003636837,-0.9061139822006226,0.41790100932121277,0,0,39.093299865722656,0,1,0.999983012676239,0.00011600000289035961,-0.005772000178694725,0,0.0033519999124109745,0.8024389743804932,0.5967249870300293,0,0.004701000172644854,-0.5967339873313904,0.8024250268936157,0,0,14.599900245666504,0,1
K0.033,0.9989100098609924,0.028474068269133568,-0.036974795162677765,0,-0.03001805953681469,0.9986709952354431,-0.041886866092681885,0,0.03573279827833176,0.04295186325907707,0.9984380006790161,0,0.04405181482434273,95.18498229980469,-0.2806397080421448,1,0.9995840191841125,-0.010434074327349663,-0.026874182745814323,0,0.01201208308339119,0.9981719851493835,0.059226956218481064,0,0.026207178831100464,-0.059524960815906525,0.9978830218315125,0,0,10.058799743652344,-0.3582000136375427,1,0.9999690055847168,0.001803984516300261,-0.007625051774084568,0,-0.001719983876682818,0.9999390244483948,0.010949998162686825,0,0.007645051460713148,-0.01093599945306778,0.9999110102653503,0,0,11.742799758911133,0,1,0.999970018863678,0.0017649842193350196,-0.007555051706731319,0,-0.0016819835873320699,0.9999380111694336,0.01096699945628643,0,0.00757405161857605,-0.010953999124467373,0.9999110102653503,0,0,13.420299530029297,0,1,0.9999629855155945,0.0006959924357943237,0.008556004613637924,0,-0.0008469923632219434,0.9998440146446228,0.017655985429883003,0,-0.008543004281818867,-0.017661985009908676,0.9998080134391785,0,0,15.097800254821777,0,1,0.9961950182914734,-0.039451029151678085,0.07770899683237076,0,0.04364503547549248,0.9976379871368408,-0.05303609371185303,0,-0.07543299347162247,0.05622609704732895,0.9955639839172363,0,0,8.085599899291992,2.6877999305725098,1,0.037017881870269775,0.015614010393619537,-0.999193012714386,0,0.8108850121498108,-0.5848320126533508,0.02090289629995823,0,-0.5840330123901367,-0.8110039830207825,-0.03431093692779541,0,5.949100017547607,13.247699737548828,-0.06449999660253525,1,0.9846330285072327,0.08441141992807388,-0.15287834405899048,0,0.05304867774248123,0.6894798278808594,0.7223600745201111,0,0.16638179123401642,-0.7193691730499268,0.6744068264961243,0,0,12.472200393676758,0,1,0.9902790188789368,0.13885794579982758,0.00815299991518259,0,-0.13888093829154968,0.99030601978302,0.002421999117359519,0,-0.007737999781966209,-0.0035309987142682076,0.9999639987945557,0,0,23.814899444580078,0,1,0.9686828851699829,-0.05651107802987099,-0.24178446829319,0,0.04283205419778824,0.997189998626709,-0.061465006321668625,0,0.24457846581935883,0.049183961004018784,0.968380868434906,0,0,24.556299209594727,0,1,0.8980950117111206,0.4193260073661804,-0.13263000547885895,0,-0.3911359906196594,0.8994200229644775,0.1950789988040924,0,0.20109200477600098,-0.1233230009675026,0.9717779755592346,0,-2.8320000171661377,2.535900115966797,1.1780999898910522,1,0.9821169972419739,-0.1714780330657959,-0.07772799581289291,0,0.18360702693462372,0.9636819958686829,0.1939210146665573,0,0.04165198653936386,-0.2047240138053894,0.9779329895973206,0,-0.652400016784668,3.116300106048584,0,1,0.870648980140686,0.4786580204963684,-0.11339104920625687,0,-0.48164302110671997,0.7826879620552063,-0.3942320644855499,0,-0.09995200484991074,0.3978520631790161,0.9119889140129089,0,0.14300000667572021,3.0560998916625977,0,1,0.9977930188179016,0.06465595960617065,0.015150980092585087,0,-0.06371694803237915,0.8678308725357056,0.49275723099708557,0,0.018711013719439507,-0.49263525009155273,0.8700348734855652,0,-3.3362998962402344,8.315799713134766,0.10199999809265137,1,0.9979889988899231,-0.061300016939640045,-0.01613401062786579,0,0.0610630176961422,0.861414909362793,0.5042181611061096,0,-0.01701001077890396,-0.5041891932487488,0.8634259104728699,0,0.012799999676644802,3.0457000732421875,0,1,0.9993690252304077,-0.03499701991677284,-0.006043007597327232,0,0.03518802300095558,0.9527089595794678,0.3018411695957184,0,-0.0048060063272714615,-0.3018631935119629,0.9533389210700989,0,-0.0044999998062849045,2.8066999912261963,0,1,0.9996669888496399,-0.005981008056551218,-0.02508600614964962,0,0.020150013267993927,0.7882288694381714,0.6150521636009216,0,0.01609499566257,-0.6153531670570374,0.7880879044532776,0,-0.9020000100135803,8.435600280761719,-0.14149999618530273,1,0.997842013835907,-0.06313801556825638,-0.01802901178598404,0,0.06304801255464554,0.8445838689804077,0.5316991806030273,0,-0.018343010917305946,-0.5316881537437439,0.8467418551445007,0,0.009100000374019146,3.1935999393463135,0,1,0.9991679787635803,-0.039936017245054245,-0.008273008279502392,0,0.04017302021384239,0.9287269115447998,0.36858317255973816,0,-0.0070360079407691956,-0.36860817670822144,0.9295579195022583,0,-0.005799999926239252,3.085200071334839,0,1,0.9953789710998535,-0.06632401794195175,-0.06943903118371964,0,0.0952710285782814,0.7725328803062439,0.6277861595153809,0,0.012005995027720928,-0.6315011978149414,0.7752819061279297,0,1.1324000358581543,8.436699867248535,-0.2071000039577484,1,0.9964219927787781,-0.07880401611328125,-0.030561011284589767,0,0.07900901138782501,0.7399588823318481,0.6679961085319519,0,-0.030027011409401894,-0.6680201292037964,0.7435368895530701,0,0.002199999988079071,2.740799903869629,0,1,0.9995430111885071,-0.029875019565224648,-0.004551006015390158,0,0.029920021072030067,0.9571349620819092,0.2880931794643402,0,-0.004251006059348583,-0.28809717297554016,0.9575919508934021,0,-0.005200000014156103,2.7576000690460205,0,1,0.9991599917411804,-0.025438014417886734,-0.032126009464263916,0,0.039476022124290466,0.8078649044036865,0.5880451798439026,0,0.010994992218911648,-0.5888192057609558,0.808189868927002,0,3.1059000492095947,8.079400062561035,0.09300000220537186,1,0.9982749819755554,-0.05683401599526405,-0.014714007265865803,0,0.05680301412940025,0.8717409372329712,0.4866631329059601,0,-0.014833007007837296,-0.48665910959243774,0.8734659552574158,0,0.0026000000070780516,2.527400016784668,0,1,0.9991679787635803,-0.040089018642902374,-0.007560006808489561,0,0.04017501696944237,0.9347199201583862,0.35310614109039307,0,-0.007089007180184126,-0.35311615467071533,0.9355529546737671,0,-0.0013000000035390258,2.0034000873565674,0,1,-0.011992942541837692,-0.018841994926333427,0.9997509717941284,0,-0.8214560151100159,-0.5698999166488647,-0.020594947040081024,0,0.5701459646224976,-0.8214979767799377,-0.008643029257655144,0,-5.949100017547607,13.24779987335205,-0.06729999929666519,1,0.9799689054489136,-0.19710560142993927,0.028461946174502373,0,0.12406851351261139,0.7160370349884033,0.686948835849762,0,-0.1557813286781311,-0.6696567535400391,0.7261481881141663,0,0,12.472200393676758,0,1,0.9465598464012146,-0.32239556312561035,-0.009264003485441208,0,0.322452574968338,0.9465698003768921,0.005453009158372879,0,0.00701099494472146,-0.008149013854563236,0.9999420046806335,0,0,23.819900512695312,0,1,0.9993900060653687,-0.027552349492907524,-0.021440183743834496,0,0.026558339595794678,0.9986180067062378,-0.04534606635570526,0,0.022660205140709877,0.044749047607183456,0.9987409710884094,0,0,24.559900283813477,0,1,0.8658289909362793,-0.5001950263977051,0.012041999958455563,0,0.48531100153923035,0.8454340100288391,0.2229669988155365,0,-0.12170799821615219,-0.18720699846744537,0.9747520089149475,0,2.8125,2.4428000450134277,1.2350000143051147,1,0.961097002029419,0.2651430666446686,0.07740099728107452,0,-0.27012306451797485,0.9607639908790588,0.0629720464348793,0,-0.05766798555850983,-0.08143004775047302,0.9950090050697327,0,0.6043999791145325,3.0810000896453857,0,1,0.9519889950752258,-0.2355930507183075,0.19548006355762482,0,0.2782060503959656,0.9322549700737,-0.2313050627708435,0,-0.12774403393268585,0.2745840847492218,0.9530400037765503,0,-0.32690000534057617,3.0488998889923096,0,1,0.9973670244216919,-0.07201102375984192,-0.00862700492143631,0,0.0702340230345726,0.9293140172958374,0.36254996061325073,0,-0.018090002238750458,-0.3622019588947296,0.9319239854812622,0,3.351099967956543,8.367199897766113,0.11079999804496765,1,0.9985560178756714,0.05031300336122513,0.018824001774191856,0,-0.0502840019762516,0.7521329522132874,0.6570900678634644,0,0.018902001902461052,-0.657088041305542,0.753576934337616,0,-0.00279999990016222,3.0683000087738037,0,1,0.9997239708900452,0.02313600294291973,0.0039740013889968395,0,-0.02319900318980217,0.9478030204772949,0.318013072013855,0,0.0035910012666136026,-0.31801706552505493,0.9480779767036438,0,0.002099999925121665,2.7797000408172607,0,1,0.999737024307251,-0.013761027716100216,0.01834998093545437,0,0.00106503174174577,0.8270229697227478,0.5621680617332458,0,-0.022911999374628067,-0.562000036239624,0.8268199563026428,0,0.9178000092506409,8.605799674987793,-0.1720000058412552,1,0.9987750053405762,0.046772003173828125,0.01616700179874897,0,-0.04674100503325462,0.7842820286750793,0.6186410784721375,0,0.016255002468824387,-0.6186390519142151,0.7855070233345032,0,-0.00139999995008111,3.2304000854492188,0,1,0.9998180270195007,0.018925003707408905,0.002502000890672207,0,-0.0189410038292408,0.9671800136566162,0.253385066986084,0,0.002376000862568617,-0.2533860504627228,0.9673619866371155,0,0.000699999975040555,3.0255000591278076,0,1,0.9977589845657349,0.03524797037243843,0.056869976222515106,0,-0.06366196274757385,0.7616810202598572,0.644817054271698,0,-0.020587999373674393,-0.6469929814338684,0.7622179985046387,0,-1.1633000373840332,8.798299789428711,-0.22920000553131104,1,0.9990209937095642,0.04232100397348404,0.012870002537965775,0,-0.042284004390239716,0.8281909227371216,0.558849036693573,0,0.012992003001272678,-0.5588460564613342,0.8291689157485962,0,0.0013000000035390258,2.674099922180176,0,1,0.9996989965438843,0.024278003722429276,0.0035680008586496115,0,-0.024247003719210625,0.9549139738082886,0.2958890199661255,0,0.0037760010454803705,-0.2958870232105255,0.9552159905433655,0,-0.002199999988079071,2.6308999061584473,0,1,0.9996140003204346,-0.021457022055983543,0.017641978338360786,0,0.0034080306068062782,0.7250189185142517,0.6887200474739075,0,-0.0275689996778965,-0.6883940696716309,0.724812924861908,0,-3.105600118637085,7.8942999839782715,0.22020000219345093,1,0.998993992805481,0.04230400547385216,0.014851002022624016,0,-0.042375002056360245,0.7826709747314453,0.6209920048713684,0,0.014647001400589943,-0.6209970116615295,0.783676028251648,0,0.00279999990016222,2.509999990463257,0,1,0.9994940161705017,0.03104500286281109,0.00690600136294961,0,-0.030904004350304604,0.8967180252075195,0.441521018743515,0,0.007514001335948706,-0.44151103496551514,0.8972240090370178,0,-0.0013000000035390258,2.0992000102996826,0,1,-0.9972969889640808,0.04363512247800827,0.05911100655794144,0,-0.014441086910665035,-0.9052639007568359,0.4246032238006592,0,0.07203906774520874,0.42260223627090454,0.9034478664398193,0,9.39210033416748,-5.572199821472168,-0.09319999814033508,1,0.9959409236907959,0.047506120055913925,0.0764487236738205,0,0.02074308507144451,0.7053514122962952,-0.7085531949996948,0,-0.08758369833230972,0.7072632312774658,0.701503336429596,0,0,42.31829833984375,0,1,0.9938430190086365,0.012351145967841148,0.11010599136352539,0,-0.10348105430603027,0.4586091637611389,0.8825929164886475,0,-0.03959488496184349,-0.8885529637336731,0.45706313848495483,0,0,39.099700927734375,0,1,0.999983012676239,-0.00004499982969718985,0.005856994539499283,0,-0.003248996799811721,0.8277900218963623,0.5610289573669434,0,-0.004873995203524828,-0.5610379576683044,0.8277760148048401,0,0,14.706199645996094,0,1,-0.9855030179023743,0.008606135845184326,-0.1694420576095581,0,0.004966916050761938,-0.9968209862709045,-0.07951927930116653,0,-0.16958807408809662,-0.07920825481414795,0.9823269248008728,0,-9.39210033416748,-5.572199821472168,-0.015200000256299973,1,0.9987249970436096,0.04484601318836212,-0.023163804784417152,0,-0.04782998561859131,0.9874609112739563,-0.15044137835502625,0,0.016126787289977074,0.15135735273361206,0.9883479475975037,0,0,42.32600021362305,0,1,0.9826939105987549,-0.13283513486385345,-0.12910310924053192,0,0.16752506792545319,0.3399072587490082,0.9254182577133179,0,-0.07904522866010666,-0.9310302138328552,0.35627827048301697,0,0,39.093299865722656,0,1,0.9999690055847168,0.00022600528609473258,-0.007842060178518295,0,0.004607038572430611,0.7922016978263855,0.6102414131164551,0,0.006350047420710325,-0.6102594137191772,0.7921767234802246,0,0,14.599900245666504,0,1
